6f6511bb5f9944e0ea7508744efb0595	FLASV30482.1345	89.247	372	40	0	1	372	491	862	1.34e-142	491
6f6511bb5f9944e0ea7508744efb0595	FLASV11326.1345	89.247	372	40	0	1	372	491	862	1.34e-142	491
6f6511bb5f9944e0ea7508744efb0595	FLASV127.1527	89.247	372	40	0	1	372	520	891	1.34e-142	491
f80b78ecdc040248cce60cfe875cb520	FLASV30482.1345	86.290	372	51	0	1	372	491	862	2.12e-127	442
f80b78ecdc040248cce60cfe875cb520	FLASV11326.1345	86.290	372	51	0	1	372	491	862	2.12e-127	442
f80b78ecdc040248cce60cfe875cb520	FLASV127.1527	86.290	372	51	0	1	372	520	891	2.12e-127	442
a7d410e5db3a02b279e7082134fd2ab4	FLASV30482.1345	87.097	372	48	0	1	372	491	862	9.62e-132	455
a7d410e5db3a02b279e7082134fd2ab4	FLASV11326.1345	87.097	372	48	0	1	372	491	862	9.62e-132	455
a7d410e5db3a02b279e7082134fd2ab4	FLASV127.1527	87.097	372	48	0	1	372	520	891	9.62e-132	455
a9d747b5171091a33acdd917f7043fc0	FLASV30482.1345	88.441	372	43	0	1	372	491	862	2.94e-138	478
a9d747b5171091a33acdd917f7043fc0	FLASV11326.1345	88.441	372	43	0	1	372	491	862	2.94e-138	478
a9d747b5171091a33acdd917f7043fc0	FLASV127.1527	88.441	372	43	0	1	372	520	891	2.94e-138	478
b9d17bdd302c13011e57ac016d1ae6d0	FLASV30482.1345	86.059	373	50	2	1	372	491	862	1.10e-124	432
b9d17bdd302c13011e57ac016d1ae6d0	FLASV11326.1345	86.059	373	50	2	1	372	491	862	1.10e-124	432
b9d17bdd302c13011e57ac016d1ae6d0	FLASV127.1527	86.059	373	50	2	1	372	520	891	1.10e-124	432
db131d37abe321601bca66ecabe2e457	FLASV30482.1345	90.426	376	31	2	1	376	491	861	1.45e-148	512
db131d37abe321601bca66ecabe2e457	FLASV11326.1345	90.426	376	31	2	1	376	491	861	1.45e-148	512
db131d37abe321601bca66ecabe2e457	FLASV127.1527	90.426	376	31	2	1	376	520	890	1.45e-148	512
5ee74054ec7e77c9f798c159955b1e5e	FLASV30482.1345	93.261	371	23	2	1	371	491	859	5.71e-160	550
5ee74054ec7e77c9f798c159955b1e5e	FLASV11326.1345	93.261	371	23	2	1	371	491	859	5.71e-160	550
5ee74054ec7e77c9f798c159955b1e5e	FLASV127.1527	93.261	371	23	2	1	371	520	888	5.71e-160	550
4a21270f1b8f570648ea6c6f43870831	FLASV30482.1345	89.572	374	37	1	1	374	491	862	3.16e-144	497
4a21270f1b8f570648ea6c6f43870831	FLASV11326.1345	89.572	374	37	1	1	374	491	862	3.16e-144	497
4a21270f1b8f570648ea6c6f43870831	FLASV127.1527	89.572	374	37	1	1	374	520	891	3.16e-144	497
d508b4e522626100fdb1e5cc5d7aee53	FLASV30482.1345	91.375	371	30	2	1	371	491	859	9.66e-151	518
d508b4e522626100fdb1e5cc5d7aee53	FLASV11326.1345	91.375	371	30	2	1	371	491	859	9.66e-151	518
d508b4e522626100fdb1e5cc5d7aee53	FLASV127.1527	91.375	371	30	2	1	371	520	888	9.66e-151	518
a25ea92f4777555d13ba5d423540bda9	FLASV30482.1345	97.312	372	10	0	1	372	491	862	0.0	627
a25ea92f4777555d13ba5d423540bda9	FLASV11326.1345	97.312	372	10	0	1	372	491	862	0.0	627
a25ea92f4777555d13ba5d423540bda9	FLASV127.1527	97.312	372	10	0	1	372	520	891	0.0	627
38e12decb4fab95743735f8b5353a1a5	FLASV30482.1345	97.581	372	9	0	1	372	491	862	0.0	631
38e12decb4fab95743735f8b5353a1a5	FLASV11326.1345	97.581	372	9	0	1	372	491	862	0.0	631
38e12decb4fab95743735f8b5353a1a5	FLASV127.1527	97.581	372	9	0	1	372	520	891	0.0	631
58a213e20a9ae1ce258c4bde8b10eca8	FLASV30482.1345	96.237	372	14	0	1	372	491	862	6.91e-178	609
58a213e20a9ae1ce258c4bde8b10eca8	FLASV11326.1345	96.237	372	14	0	1	372	491	862	6.91e-178	609
58a213e20a9ae1ce258c4bde8b10eca8	FLASV127.1527	96.237	372	14	0	1	372	520	891	6.91e-178	609
79f47576ca95bedd108e025255557e2f	FLASV30482.1345	96.237	372	14	0	1	372	491	862	6.91e-178	609
79f47576ca95bedd108e025255557e2f	FLASV11326.1345	96.237	372	14	0	1	372	491	862	6.91e-178	609
79f47576ca95bedd108e025255557e2f	FLASV127.1527	96.237	372	14	0	1	372	520	891	6.91e-178	609
6dfa1d3cd280ae1124f11510300535db	FLASV30482.1345	98.925	372	4	0	1	372	491	862	0.0	654
6dfa1d3cd280ae1124f11510300535db	FLASV11326.1345	98.925	372	4	0	1	372	491	862	0.0	654
6dfa1d3cd280ae1124f11510300535db	FLASV127.1527	98.925	372	4	0	1	372	520	891	0.0	654
49fd0f113739c061b82e85bc55e20b59	FLASV30482.1345	96.505	372	13	0	1	372	491	862	5.67e-179	613
49fd0f113739c061b82e85bc55e20b59	FLASV11326.1345	96.505	372	13	0	1	372	491	862	5.67e-179	613
49fd0f113739c061b82e85bc55e20b59	FLASV127.1527	96.505	372	13	0	1	372	520	891	5.67e-179	613
dd711446f41302e50a1ee2434bea6ebf	FLASV30482.1345	96.237	372	14	0	1	372	491	862	6.91e-178	609
dd711446f41302e50a1ee2434bea6ebf	FLASV11326.1345	96.237	372	14	0	1	372	491	862	6.91e-178	609
dd711446f41302e50a1ee2434bea6ebf	FLASV127.1527	96.237	372	14	0	1	372	520	891	6.91e-178	609
dbd9600982df53bf2671f7936baf6834	FLASV30482.1345	92.204	372	29	0	1	372	491	862	2.94e-157	541
dbd9600982df53bf2671f7936baf6834	FLASV11326.1345	92.204	372	29	0	1	372	491	862	2.94e-157	541
dbd9600982df53bf2671f7936baf6834	FLASV127.1527	92.204	372	29	0	1	372	520	891	2.94e-157	541
e685930aacf3da60489b478376160f01	FLASV30482.1345	92.742	372	27	0	1	372	491	862	5.67e-160	550
e685930aacf3da60489b478376160f01	FLASV11326.1345	92.742	372	27	0	1	372	491	862	5.67e-160	550
e685930aacf3da60489b478376160f01	FLASV127.1527	92.742	372	27	0	1	372	520	891	5.67e-160	550
21dfc8942940d86d88c456d8f9947037	FLASV30482.1345	91.935	372	30	0	1	372	491	862	3.58e-156	536
21dfc8942940d86d88c456d8f9947037	FLASV11326.1345	91.935	372	30	0	1	372	491	862	3.58e-156	536
21dfc8942940d86d88c456d8f9947037	FLASV127.1527	91.935	372	30	0	1	372	520	891	3.58e-156	536
0613b5129cd42d4f889cbcbb3aead3b4	FLASV30482.1345	91.398	372	32	0	1	372	491	862	1.85e-153	527
0613b5129cd42d4f889cbcbb3aead3b4	FLASV11326.1345	91.398	372	32	0	1	372	491	862	1.85e-153	527
0613b5129cd42d4f889cbcbb3aead3b4	FLASV127.1527	91.398	372	32	0	1	372	520	891	1.85e-153	527
bf91adf1dc34067b404e4585bf451385	FLASV30482.1345	91.667	372	31	0	1	372	491	862	1.52e-154	532
bf91adf1dc34067b404e4585bf451385	FLASV11326.1345	91.667	372	31	0	1	372	491	862	1.52e-154	532
bf91adf1dc34067b404e4585bf451385	FLASV127.1527	91.667	372	31	0	1	372	520	891	1.52e-154	532
a1a2737b13fff1b07516fbb3c4f4bd3d	FLASV30482.1345	91.935	372	30	0	1	372	491	862	3.58e-156	536
a1a2737b13fff1b07516fbb3c4f4bd3d	FLASV11326.1345	91.935	372	30	0	1	372	491	862	3.58e-156	536
a1a2737b13fff1b07516fbb3c4f4bd3d	FLASV127.1527	91.935	372	30	0	1	372	520	891	3.58e-156	536
1ca02ffdb857afcb1c7ee9a62a242d33	FLASV30482.1345	91.129	372	33	0	1	372	491	862	7.89e-152	523
1ca02ffdb857afcb1c7ee9a62a242d33	FLASV11326.1345	91.129	372	33	0	1	372	491	862	7.89e-152	523
1ca02ffdb857afcb1c7ee9a62a242d33	FLASV127.1527	91.129	372	33	0	1	372	520	891	7.89e-152	523
2e3eb1c3ea32129c036b2afb0bc4a0dc	FLASV30482.1345	90.860	372	34	0	1	372	491	862	9.61e-151	518
2e3eb1c3ea32129c036b2afb0bc4a0dc	FLASV11326.1345	90.860	372	34	0	1	372	491	862	9.61e-151	518
2e3eb1c3ea32129c036b2afb0bc4a0dc	FLASV127.1527	90.860	372	34	0	1	372	520	891	9.61e-151	518
bb87ce59ea59d04c1cab2a826d8c89bf	FLASV30482.1345	91.129	372	33	0	1	372	491	862	7.89e-152	523
bb87ce59ea59d04c1cab2a826d8c89bf	FLASV11326.1345	91.129	372	33	0	1	372	491	862	7.89e-152	523
bb87ce59ea59d04c1cab2a826d8c89bf	FLASV127.1527	91.129	372	33	0	1	372	520	891	7.89e-152	523
479a2ffd90f224d5953e8a29aacdb731	FLASV30482.1345	91.129	372	33	0	1	372	491	862	7.89e-152	523
479a2ffd90f224d5953e8a29aacdb731	FLASV11326.1345	91.129	372	33	0	1	372	491	862	7.89e-152	523
479a2ffd90f224d5953e8a29aacdb731	FLASV127.1527	91.129	372	33	0	1	372	520	891	7.89e-152	523
0e47baa7028babdf5be2a870cb304df4	FLASV30482.1345	89.516	372	39	0	1	372	491	862	1.10e-143	496
0e47baa7028babdf5be2a870cb304df4	FLASV11326.1345	89.516	372	39	0	1	372	491	862	1.10e-143	496
0e47baa7028babdf5be2a870cb304df4	FLASV127.1527	89.516	372	39	0	1	372	520	891	1.10e-143	496
6dd3684bd0c5271540141ad9c9ed6c82	FLASV30482.1345	90.323	372	36	0	1	372	491	862	4.98e-148	509
6dd3684bd0c5271540141ad9c9ed6c82	FLASV11326.1345	90.323	372	36	0	1	372	491	862	4.98e-148	509
6dd3684bd0c5271540141ad9c9ed6c82	FLASV127.1527	90.323	372	36	0	1	372	520	891	4.98e-148	509
1a828fec6683224513648d17bcb10f85	FLASV30482.1345	96.237	372	14	0	1	372	491	862	6.91e-178	609
1a828fec6683224513648d17bcb10f85	FLASV11326.1345	96.237	372	14	0	1	372	491	862	6.91e-178	609
1a828fec6683224513648d17bcb10f85	FLASV127.1527	96.237	372	14	0	1	372	520	891	6.91e-178	609
a8a93967b0d80f9698aded4b2d594897	FLASV30482.1345	96.774	372	12	0	1	372	491	862	1.33e-180	618
a8a93967b0d80f9698aded4b2d594897	FLASV11326.1345	96.774	372	12	0	1	372	491	862	1.33e-180	618
a8a93967b0d80f9698aded4b2d594897	FLASV127.1527	96.774	372	12	0	1	372	520	891	1.33e-180	618
5f469c2065e61b90d98a44f518dc33af	FLASV30482.1345	98.387	372	6	0	1	372	491	862	0.0	645
5f469c2065e61b90d98a44f518dc33af	FLASV11326.1345	98.387	372	6	0	1	372	491	862	0.0	645
5f469c2065e61b90d98a44f518dc33af	FLASV127.1527	98.387	372	6	0	1	372	520	891	0.0	645
d71103671af42cfc6464b7dbcd63c918	FLASV30482.1345	98.387	372	6	0	1	372	491	862	0.0	645
d71103671af42cfc6464b7dbcd63c918	FLASV11326.1345	98.387	372	6	0	1	372	491	862	0.0	645
d71103671af42cfc6464b7dbcd63c918	FLASV127.1527	98.387	372	6	0	1	372	520	891	0.0	645
b4e25b546894b6628eaefcdbe20c6665	FLASV30482.1345	96.505	372	13	0	1	372	491	862	5.67e-179	613
b4e25b546894b6628eaefcdbe20c6665	FLASV11326.1345	96.505	372	13	0	1	372	491	862	5.67e-179	613
b4e25b546894b6628eaefcdbe20c6665	FLASV127.1527	96.505	372	13	0	1	372	520	891	5.67e-179	613
9cb41b1fe78219846cde88d8c68f0dbe	FLASV30482.1345	96.237	372	14	0	1	372	491	862	6.91e-178	609
9cb41b1fe78219846cde88d8c68f0dbe	FLASV11326.1345	96.237	372	14	0	1	372	491	862	6.91e-178	609
9cb41b1fe78219846cde88d8c68f0dbe	FLASV127.1527	96.237	372	14	0	1	372	520	891	6.91e-178	609
76df430e14e70ff91f586865575d7219	FLASV30482.1345	84.840	376	49	6	1	372	491	862	1.86e-115	402
76df430e14e70ff91f586865575d7219	FLASV11326.1345	84.840	376	49	6	1	372	491	862	1.86e-115	402
76df430e14e70ff91f586865575d7219	FLASV127.1527	84.840	376	49	6	1	372	520	891	1.86e-115	402
900174d9ff1d7a029de47b1de28a4f52	FLASV30482.1345	88.172	372	42	2	2	372	492	862	5.32e-135	466
900174d9ff1d7a029de47b1de28a4f52	FLASV11326.1345	88.172	372	42	2	2	372	492	862	5.32e-135	466
900174d9ff1d7a029de47b1de28a4f52	FLASV127.1527	88.172	372	42	2	2	372	521	891	5.32e-135	466
