2cdfd4eb9f47e15fc6518f62e3b61ea6	FLASV33014.1359	97.594	374	9	0	1	374	501	874	0.0	635
2cdfd4eb9f47e15fc6518f62e3b61ea6	FLASV24939.1359	97.594	374	9	0	1	374	501	874	0.0	635
2cdfd4eb9f47e15fc6518f62e3b61ea6	FLASV23512.1359	97.594	374	9	0	1	374	501	874	0.0	635
2cdfd4eb9f47e15fc6518f62e3b61ea6	FLASV20496.1359	97.594	374	9	0	1	374	501	874	0.0	635
2cdfd4eb9f47e15fc6518f62e3b61ea6	FLASV18099.1359	97.594	374	9	0	1	374	501	874	0.0	635
2cdfd4eb9f47e15fc6518f62e3b61ea6	FLASV17482.1359	97.594	374	9	0	1	374	501	874	0.0	635
2cdfd4eb9f47e15fc6518f62e3b61ea6	FLASV14578.1359	97.594	374	9	0	1	374	501	874	0.0	635
2cdfd4eb9f47e15fc6518f62e3b61ea6	FLASV13182.1359	97.594	374	9	0	1	374	501	874	0.0	635
2cdfd4eb9f47e15fc6518f62e3b61ea6	FLASV13143.1359	97.594	374	9	0	1	374	501	874	0.0	635
2cdfd4eb9f47e15fc6518f62e3b61ea6	FLASV12756.1359	97.594	374	9	0	1	374	501	874	0.0	635
2cdfd4eb9f47e15fc6518f62e3b61ea6	FLASV12691.1359	97.594	374	9	0	1	374	501	874	0.0	635
2cdfd4eb9f47e15fc6518f62e3b61ea6	FLASV11720.1359	97.594	374	9	0	1	374	501	874	0.0	635
2cdfd4eb9f47e15fc6518f62e3b61ea6	FLASV11403.1359	97.594	374	9	0	1	374	501	874	0.0	635
2cdfd4eb9f47e15fc6518f62e3b61ea6	FLASV10889.1359	97.594	374	9	0	1	374	501	874	0.0	635
2cdfd4eb9f47e15fc6518f62e3b61ea6	FLASV10455.1359	97.594	374	9	0	1	374	501	874	0.0	635
2cdfd4eb9f47e15fc6518f62e3b61ea6	FLASV10450.1359	97.594	374	9	0	1	374	501	874	0.0	635
2cdfd4eb9f47e15fc6518f62e3b61ea6	FLASV10012.1359	97.594	374	9	0	1	374	501	874	0.0	635
2cdfd4eb9f47e15fc6518f62e3b61ea6	FLASV9867.1359	97.594	374	9	0	1	374	501	874	0.0	635
2cdfd4eb9f47e15fc6518f62e3b61ea6	FLASV9852.1359	97.594	374	9	0	1	374	501	874	0.0	635
2cdfd4eb9f47e15fc6518f62e3b61ea6	FLASV9692.1359	97.594	374	9	0	1	374	501	874	0.0	635
2cdfd4eb9f47e15fc6518f62e3b61ea6	FLASV9671.1359	97.594	374	9	0	1	374	501	874	0.0	635
2cdfd4eb9f47e15fc6518f62e3b61ea6	FLASV9624.1359	97.594	374	9	0	1	374	501	874	0.0	635
2cdfd4eb9f47e15fc6518f62e3b61ea6	FLASV9253.1460	97.594	374	9	0	1	374	501	874	0.0	635
2cdfd4eb9f47e15fc6518f62e3b61ea6	FLASV6042.1460	97.594	374	9	0	1	374	501	874	0.0	635
2cdfd4eb9f47e15fc6518f62e3b61ea6	FLASV5831.1460	97.594	374	9	0	1	374	501	874	0.0	635
2cdfd4eb9f47e15fc6518f62e3b61ea6	FLASV4647.1460	97.594	374	9	0	1	374	501	874	0.0	635
2cdfd4eb9f47e15fc6518f62e3b61ea6	FLASV4396.1460	97.594	374	9	0	1	374	501	874	0.0	635
2cdfd4eb9f47e15fc6518f62e3b61ea6	FLASV4308.1460	97.594	374	9	0	1	374	501	874	0.0	635
2cdfd4eb9f47e15fc6518f62e3b61ea6	FLASV4246.1460	97.594	374	9	0	1	374	501	874	0.0	635
2cdfd4eb9f47e15fc6518f62e3b61ea6	FLASV3583.1460	97.594	374	9	0	1	374	501	874	0.0	635
2cdfd4eb9f47e15fc6518f62e3b61ea6	FLASV3517.1460	97.594	374	9	0	1	374	501	874	0.0	635
2cdfd4eb9f47e15fc6518f62e3b61ea6	FLASV2085.1460	97.594	374	9	0	1	374	501	874	0.0	635
2cdfd4eb9f47e15fc6518f62e3b61ea6	FLASV1342.1460	97.594	374	9	0	1	374	501	874	0.0	635
2cdfd4eb9f47e15fc6518f62e3b61ea6	FLASV1313.1460	97.594	374	9	0	1	374	501	874	0.0	635
2cdfd4eb9f47e15fc6518f62e3b61ea6	FLASV577.1460	97.594	374	9	0	1	374	501	874	0.0	635
2cdfd4eb9f47e15fc6518f62e3b61ea6	FLASV274.1460	97.594	374	9	0	1	374	501	874	0.0	635
2cdfd4eb9f47e15fc6518f62e3b61ea6	FLASV173.1460	97.594	374	9	0	1	374	501	874	0.0	635
2cdfd4eb9f47e15fc6518f62e3b61ea6	FLASV88757.1359	97.326	374	10	0	1	374	501	874	0.0	630
2cdfd4eb9f47e15fc6518f62e3b61ea6	FLASV87920.1359	97.326	374	10	0	1	374	501	874	0.0	630
2cdfd4eb9f47e15fc6518f62e3b61ea6	FLASV22964.1359	97.326	374	10	0	1	374	501	874	0.0	630
2cdfd4eb9f47e15fc6518f62e3b61ea6	FLASV4869.1460	97.326	374	10	0	1	374	501	874	0.0	630
2cdfd4eb9f47e15fc6518f62e3b61ea6	FLASV17445.1359	97.059	374	11	0	1	374	501	874	0.0	626
7bc1f6195a9f387db640ffba0a6b22ab	FLASV33014.1359	97.326	374	10	0	1	374	501	874	0.0	630
7bc1f6195a9f387db640ffba0a6b22ab	FLASV24939.1359	97.326	374	10	0	1	374	501	874	0.0	630
7bc1f6195a9f387db640ffba0a6b22ab	FLASV23512.1359	97.326	374	10	0	1	374	501	874	0.0	630
7bc1f6195a9f387db640ffba0a6b22ab	FLASV20496.1359	97.326	374	10	0	1	374	501	874	0.0	630
7bc1f6195a9f387db640ffba0a6b22ab	FLASV18099.1359	97.326	374	10	0	1	374	501	874	0.0	630
7bc1f6195a9f387db640ffba0a6b22ab	FLASV17482.1359	97.326	374	10	0	1	374	501	874	0.0	630
7bc1f6195a9f387db640ffba0a6b22ab	FLASV14578.1359	97.326	374	10	0	1	374	501	874	0.0	630
7bc1f6195a9f387db640ffba0a6b22ab	FLASV13182.1359	97.326	374	10	0	1	374	501	874	0.0	630
7bc1f6195a9f387db640ffba0a6b22ab	FLASV13143.1359	97.326	374	10	0	1	374	501	874	0.0	630
7bc1f6195a9f387db640ffba0a6b22ab	FLASV12756.1359	97.326	374	10	0	1	374	501	874	0.0	630
7bc1f6195a9f387db640ffba0a6b22ab	FLASV12691.1359	97.326	374	10	0	1	374	501	874	0.0	630
7bc1f6195a9f387db640ffba0a6b22ab	FLASV11720.1359	97.326	374	10	0	1	374	501	874	0.0	630
7bc1f6195a9f387db640ffba0a6b22ab	FLASV11403.1359	97.326	374	10	0	1	374	501	874	0.0	630
7bc1f6195a9f387db640ffba0a6b22ab	FLASV10889.1359	97.326	374	10	0	1	374	501	874	0.0	630
7bc1f6195a9f387db640ffba0a6b22ab	FLASV10455.1359	97.326	374	10	0	1	374	501	874	0.0	630
7bc1f6195a9f387db640ffba0a6b22ab	FLASV10450.1359	97.326	374	10	0	1	374	501	874	0.0	630
7bc1f6195a9f387db640ffba0a6b22ab	FLASV10012.1359	97.326	374	10	0	1	374	501	874	0.0	630
7bc1f6195a9f387db640ffba0a6b22ab	FLASV9867.1359	97.326	374	10	0	1	374	501	874	0.0	630
7bc1f6195a9f387db640ffba0a6b22ab	FLASV9852.1359	97.326	374	10	0	1	374	501	874	0.0	630
7bc1f6195a9f387db640ffba0a6b22ab	FLASV9692.1359	97.326	374	10	0	1	374	501	874	0.0	630
7bc1f6195a9f387db640ffba0a6b22ab	FLASV9671.1359	97.326	374	10	0	1	374	501	874	0.0	630
7bc1f6195a9f387db640ffba0a6b22ab	FLASV9624.1359	97.326	374	10	0	1	374	501	874	0.0	630
7bc1f6195a9f387db640ffba0a6b22ab	FLASV9253.1460	97.326	374	10	0	1	374	501	874	0.0	630
7bc1f6195a9f387db640ffba0a6b22ab	FLASV6042.1460	97.326	374	10	0	1	374	501	874	0.0	630
7bc1f6195a9f387db640ffba0a6b22ab	FLASV5831.1460	97.326	374	10	0	1	374	501	874	0.0	630
7bc1f6195a9f387db640ffba0a6b22ab	FLASV4647.1460	97.326	374	10	0	1	374	501	874	0.0	630
7bc1f6195a9f387db640ffba0a6b22ab	FLASV4396.1460	97.326	374	10	0	1	374	501	874	0.0	630
7bc1f6195a9f387db640ffba0a6b22ab	FLASV4308.1460	97.326	374	10	0	1	374	501	874	0.0	630
7bc1f6195a9f387db640ffba0a6b22ab	FLASV4246.1460	97.326	374	10	0	1	374	501	874	0.0	630
7bc1f6195a9f387db640ffba0a6b22ab	FLASV3583.1460	97.326	374	10	0	1	374	501	874	0.0	630
7bc1f6195a9f387db640ffba0a6b22ab	FLASV3517.1460	97.326	374	10	0	1	374	501	874	0.0	630
7bc1f6195a9f387db640ffba0a6b22ab	FLASV2085.1460	97.326	374	10	0	1	374	501	874	0.0	630
7bc1f6195a9f387db640ffba0a6b22ab	FLASV1342.1460	97.326	374	10	0	1	374	501	874	0.0	630
7bc1f6195a9f387db640ffba0a6b22ab	FLASV1313.1460	97.326	374	10	0	1	374	501	874	0.0	630
7bc1f6195a9f387db640ffba0a6b22ab	FLASV577.1460	97.326	374	10	0	1	374	501	874	0.0	630
7bc1f6195a9f387db640ffba0a6b22ab	FLASV274.1460	97.326	374	10	0	1	374	501	874	0.0	630
7bc1f6195a9f387db640ffba0a6b22ab	FLASV173.1460	97.326	374	10	0	1	374	501	874	0.0	630
7bc1f6195a9f387db640ffba0a6b22ab	FLASV88757.1359	97.059	374	11	0	1	374	501	874	0.0	626
7bc1f6195a9f387db640ffba0a6b22ab	FLASV87920.1359	97.059	374	11	0	1	374	501	874	0.0	626
7bc1f6195a9f387db640ffba0a6b22ab	FLASV22964.1359	97.059	374	11	0	1	374	501	874	0.0	626
7bc1f6195a9f387db640ffba0a6b22ab	FLASV4869.1460	97.059	374	11	0	1	374	501	874	0.0	626
7bc1f6195a9f387db640ffba0a6b22ab	FLASV17445.1359	96.791	374	12	0	1	374	501	874	1.52e-180	621
4634a43210e7d986b52dea2207bed80b	FLASV17445.1359	97.059	374	11	0	1	374	501	874	0.0	626
4634a43210e7d986b52dea2207bed80b	FLASV88757.1359	96.791	374	12	0	1	374	501	874	1.52e-180	621
4634a43210e7d986b52dea2207bed80b	FLASV87920.1359	96.791	374	12	0	1	374	501	874	1.52e-180	621
4634a43210e7d986b52dea2207bed80b	FLASV33014.1359	96.524	374	13	0	1	374	501	874	6.44e-179	617
4634a43210e7d986b52dea2207bed80b	FLASV24939.1359	96.524	374	13	0	1	374	501	874	6.44e-179	617
4634a43210e7d986b52dea2207bed80b	FLASV23512.1359	96.524	374	13	0	1	374	501	874	6.44e-179	617
4634a43210e7d986b52dea2207bed80b	FLASV20496.1359	96.524	374	13	0	1	374	501	874	6.44e-179	617
4634a43210e7d986b52dea2207bed80b	FLASV18099.1359	96.524	374	13	0	1	374	501	874	6.44e-179	617
4634a43210e7d986b52dea2207bed80b	FLASV17482.1359	96.524	374	13	0	1	374	501	874	6.44e-179	617
4634a43210e7d986b52dea2207bed80b	FLASV14578.1359	96.524	374	13	0	1	374	501	874	6.44e-179	617
4634a43210e7d986b52dea2207bed80b	FLASV13182.1359	96.524	374	13	0	1	374	501	874	6.44e-179	617
4634a43210e7d986b52dea2207bed80b	FLASV13143.1359	96.524	374	13	0	1	374	501	874	6.44e-179	617
4634a43210e7d986b52dea2207bed80b	FLASV12756.1359	96.524	374	13	0	1	374	501	874	6.44e-179	617
4634a43210e7d986b52dea2207bed80b	FLASV12691.1359	96.524	374	13	0	1	374	501	874	6.44e-179	617
4634a43210e7d986b52dea2207bed80b	FLASV11720.1359	96.524	374	13	0	1	374	501	874	6.44e-179	617
4634a43210e7d986b52dea2207bed80b	FLASV11403.1359	96.524	374	13	0	1	374	501	874	6.44e-179	617
4634a43210e7d986b52dea2207bed80b	FLASV10889.1359	96.524	374	13	0	1	374	501	874	6.44e-179	617
4634a43210e7d986b52dea2207bed80b	FLASV10455.1359	96.524	374	13	0	1	374	501	874	6.44e-179	617
4634a43210e7d986b52dea2207bed80b	FLASV10450.1359	96.524	374	13	0	1	374	501	874	6.44e-179	617
4634a43210e7d986b52dea2207bed80b	FLASV10012.1359	96.524	374	13	0	1	374	501	874	6.44e-179	617
4634a43210e7d986b52dea2207bed80b	FLASV9867.1359	96.524	374	13	0	1	374	501	874	6.44e-179	617
4634a43210e7d986b52dea2207bed80b	FLASV9852.1359	96.524	374	13	0	1	374	501	874	6.44e-179	617
4634a43210e7d986b52dea2207bed80b	FLASV9692.1359	96.524	374	13	0	1	374	501	874	6.44e-179	617
4634a43210e7d986b52dea2207bed80b	FLASV9671.1359	96.524	374	13	0	1	374	501	874	6.44e-179	617
4634a43210e7d986b52dea2207bed80b	FLASV9624.1359	96.524	374	13	0	1	374	501	874	6.44e-179	617
4634a43210e7d986b52dea2207bed80b	FLASV9253.1460	96.524	374	13	0	1	374	501	874	6.44e-179	617
4634a43210e7d986b52dea2207bed80b	FLASV6042.1460	96.524	374	13	0	1	374	501	874	6.44e-179	617
4634a43210e7d986b52dea2207bed80b	FLASV5831.1460	96.524	374	13	0	1	374	501	874	6.44e-179	617
4634a43210e7d986b52dea2207bed80b	FLASV4647.1460	96.524	374	13	0	1	374	501	874	6.44e-179	617
4634a43210e7d986b52dea2207bed80b	FLASV4396.1460	96.524	374	13	0	1	374	501	874	6.44e-179	617
4634a43210e7d986b52dea2207bed80b	FLASV4308.1460	96.524	374	13	0	1	374	501	874	6.44e-179	617
4634a43210e7d986b52dea2207bed80b	FLASV4246.1460	96.524	374	13	0	1	374	501	874	6.44e-179	617
4634a43210e7d986b52dea2207bed80b	FLASV3583.1460	96.524	374	13	0	1	374	501	874	6.44e-179	617
4634a43210e7d986b52dea2207bed80b	FLASV3517.1460	96.524	374	13	0	1	374	501	874	6.44e-179	617
4634a43210e7d986b52dea2207bed80b	FLASV2085.1460	96.524	374	13	0	1	374	501	874	6.44e-179	617
4634a43210e7d986b52dea2207bed80b	FLASV1342.1460	96.524	374	13	0	1	374	501	874	6.44e-179	617
4634a43210e7d986b52dea2207bed80b	FLASV1313.1460	96.524	374	13	0	1	374	501	874	6.44e-179	617
4634a43210e7d986b52dea2207bed80b	FLASV577.1460	96.524	374	13	0	1	374	501	874	6.44e-179	617
4634a43210e7d986b52dea2207bed80b	FLASV274.1460	96.524	374	13	0	1	374	501	874	6.44e-179	617
4634a43210e7d986b52dea2207bed80b	FLASV173.1460	96.524	374	13	0	1	374	501	874	6.44e-179	617
4634a43210e7d986b52dea2207bed80b	FLASV22964.1359	96.257	374	14	0	1	374	501	874	7.85e-178	612
4634a43210e7d986b52dea2207bed80b	FLASV4869.1460	96.257	374	14	0	1	374	501	874	7.85e-178	612
56de9f39ed1fcd41057cef79f44af687	FLASV17445.1359	96.791	374	12	0	1	374	501	874	1.52e-180	621
56de9f39ed1fcd41057cef79f44af687	FLASV88757.1359	96.524	374	13	0	1	374	501	874	6.44e-179	617
56de9f39ed1fcd41057cef79f44af687	FLASV87920.1359	96.524	374	13	0	1	374	501	874	6.44e-179	617
56de9f39ed1fcd41057cef79f44af687	FLASV33014.1359	96.257	374	14	0	1	374	501	874	7.85e-178	612
56de9f39ed1fcd41057cef79f44af687	FLASV24939.1359	96.257	374	14	0	1	374	501	874	7.85e-178	612
56de9f39ed1fcd41057cef79f44af687	FLASV23512.1359	96.257	374	14	0	1	374	501	874	7.85e-178	612
56de9f39ed1fcd41057cef79f44af687	FLASV20496.1359	96.257	374	14	0	1	374	501	874	7.85e-178	612
56de9f39ed1fcd41057cef79f44af687	FLASV18099.1359	96.257	374	14	0	1	374	501	874	7.85e-178	612
56de9f39ed1fcd41057cef79f44af687	FLASV17482.1359	96.257	374	14	0	1	374	501	874	7.85e-178	612
56de9f39ed1fcd41057cef79f44af687	FLASV14578.1359	96.257	374	14	0	1	374	501	874	7.85e-178	612
56de9f39ed1fcd41057cef79f44af687	FLASV13182.1359	96.257	374	14	0	1	374	501	874	7.85e-178	612
56de9f39ed1fcd41057cef79f44af687	FLASV13143.1359	96.257	374	14	0	1	374	501	874	7.85e-178	612
56de9f39ed1fcd41057cef79f44af687	FLASV12756.1359	96.257	374	14	0	1	374	501	874	7.85e-178	612
56de9f39ed1fcd41057cef79f44af687	FLASV12691.1359	96.257	374	14	0	1	374	501	874	7.85e-178	612
56de9f39ed1fcd41057cef79f44af687	FLASV11720.1359	96.257	374	14	0	1	374	501	874	7.85e-178	612
56de9f39ed1fcd41057cef79f44af687	FLASV11403.1359	96.257	374	14	0	1	374	501	874	7.85e-178	612
56de9f39ed1fcd41057cef79f44af687	FLASV10889.1359	96.257	374	14	0	1	374	501	874	7.85e-178	612
56de9f39ed1fcd41057cef79f44af687	FLASV10455.1359	96.257	374	14	0	1	374	501	874	7.85e-178	612
56de9f39ed1fcd41057cef79f44af687	FLASV10450.1359	96.257	374	14	0	1	374	501	874	7.85e-178	612
56de9f39ed1fcd41057cef79f44af687	FLASV10012.1359	96.257	374	14	0	1	374	501	874	7.85e-178	612
56de9f39ed1fcd41057cef79f44af687	FLASV9867.1359	96.257	374	14	0	1	374	501	874	7.85e-178	612
56de9f39ed1fcd41057cef79f44af687	FLASV9852.1359	96.257	374	14	0	1	374	501	874	7.85e-178	612
56de9f39ed1fcd41057cef79f44af687	FLASV9692.1359	96.257	374	14	0	1	374	501	874	7.85e-178	612
56de9f39ed1fcd41057cef79f44af687	FLASV9671.1359	96.257	374	14	0	1	374	501	874	7.85e-178	612
56de9f39ed1fcd41057cef79f44af687	FLASV9624.1359	96.257	374	14	0	1	374	501	874	7.85e-178	612
56de9f39ed1fcd41057cef79f44af687	FLASV9253.1460	96.257	374	14	0	1	374	501	874	7.85e-178	612
56de9f39ed1fcd41057cef79f44af687	FLASV6042.1460	96.257	374	14	0	1	374	501	874	7.85e-178	612
56de9f39ed1fcd41057cef79f44af687	FLASV5831.1460	96.257	374	14	0	1	374	501	874	7.85e-178	612
56de9f39ed1fcd41057cef79f44af687	FLASV4647.1460	96.257	374	14	0	1	374	501	874	7.85e-178	612
56de9f39ed1fcd41057cef79f44af687	FLASV4396.1460	96.257	374	14	0	1	374	501	874	7.85e-178	612
56de9f39ed1fcd41057cef79f44af687	FLASV4308.1460	96.257	374	14	0	1	374	501	874	7.85e-178	612
56de9f39ed1fcd41057cef79f44af687	FLASV4246.1460	96.257	374	14	0	1	374	501	874	7.85e-178	612
56de9f39ed1fcd41057cef79f44af687	FLASV3583.1460	96.257	374	14	0	1	374	501	874	7.85e-178	612
56de9f39ed1fcd41057cef79f44af687	FLASV3517.1460	96.257	374	14	0	1	374	501	874	7.85e-178	612
56de9f39ed1fcd41057cef79f44af687	FLASV2085.1460	96.257	374	14	0	1	374	501	874	7.85e-178	612
56de9f39ed1fcd41057cef79f44af687	FLASV1342.1460	96.257	374	14	0	1	374	501	874	7.85e-178	612
56de9f39ed1fcd41057cef79f44af687	FLASV1313.1460	96.257	374	14	0	1	374	501	874	7.85e-178	612
56de9f39ed1fcd41057cef79f44af687	FLASV577.1460	96.257	374	14	0	1	374	501	874	7.85e-178	612
56de9f39ed1fcd41057cef79f44af687	FLASV274.1460	96.257	374	14	0	1	374	501	874	7.85e-178	612
56de9f39ed1fcd41057cef79f44af687	FLASV173.1460	96.257	374	14	0	1	374	501	874	7.85e-178	612
56de9f39ed1fcd41057cef79f44af687	FLASV22964.1359	95.989	374	15	0	1	374	501	874	3.34e-176	608
56de9f39ed1fcd41057cef79f44af687	FLASV4869.1460	95.989	374	15	0	1	374	501	874	3.34e-176	608
8717744be592c8beffade9c24a1887b2	FLASV33014.1359	100.000	374	0	0	1	374	501	874	0.0	675
8717744be592c8beffade9c24a1887b2	FLASV24939.1359	100.000	374	0	0	1	374	501	874	0.0	675
8717744be592c8beffade9c24a1887b2	FLASV23512.1359	100.000	374	0	0	1	374	501	874	0.0	675
8717744be592c8beffade9c24a1887b2	FLASV20496.1359	100.000	374	0	0	1	374	501	874	0.0	675
8717744be592c8beffade9c24a1887b2	FLASV18099.1359	100.000	374	0	0	1	374	501	874	0.0	675
8717744be592c8beffade9c24a1887b2	FLASV17482.1359	100.000	374	0	0	1	374	501	874	0.0	675
8717744be592c8beffade9c24a1887b2	FLASV14578.1359	100.000	374	0	0	1	374	501	874	0.0	675
8717744be592c8beffade9c24a1887b2	FLASV13182.1359	100.000	374	0	0	1	374	501	874	0.0	675
8717744be592c8beffade9c24a1887b2	FLASV13143.1359	100.000	374	0	0	1	374	501	874	0.0	675
8717744be592c8beffade9c24a1887b2	FLASV12756.1359	100.000	374	0	0	1	374	501	874	0.0	675
8717744be592c8beffade9c24a1887b2	FLASV12691.1359	100.000	374	0	0	1	374	501	874	0.0	675
8717744be592c8beffade9c24a1887b2	FLASV11720.1359	100.000	374	0	0	1	374	501	874	0.0	675
8717744be592c8beffade9c24a1887b2	FLASV11403.1359	100.000	374	0	0	1	374	501	874	0.0	675
8717744be592c8beffade9c24a1887b2	FLASV10889.1359	100.000	374	0	0	1	374	501	874	0.0	675
8717744be592c8beffade9c24a1887b2	FLASV10455.1359	100.000	374	0	0	1	374	501	874	0.0	675
8717744be592c8beffade9c24a1887b2	FLASV10450.1359	100.000	374	0	0	1	374	501	874	0.0	675
8717744be592c8beffade9c24a1887b2	FLASV10012.1359	100.000	374	0	0	1	374	501	874	0.0	675
8717744be592c8beffade9c24a1887b2	FLASV9867.1359	100.000	374	0	0	1	374	501	874	0.0	675
8717744be592c8beffade9c24a1887b2	FLASV9852.1359	100.000	374	0	0	1	374	501	874	0.0	675
8717744be592c8beffade9c24a1887b2	FLASV9692.1359	100.000	374	0	0	1	374	501	874	0.0	675
8717744be592c8beffade9c24a1887b2	FLASV9671.1359	100.000	374	0	0	1	374	501	874	0.0	675
8717744be592c8beffade9c24a1887b2	FLASV9624.1359	100.000	374	0	0	1	374	501	874	0.0	675
8717744be592c8beffade9c24a1887b2	FLASV9253.1460	100.000	374	0	0	1	374	501	874	0.0	675
8717744be592c8beffade9c24a1887b2	FLASV6042.1460	100.000	374	0	0	1	374	501	874	0.0	675
8717744be592c8beffade9c24a1887b2	FLASV5831.1460	100.000	374	0	0	1	374	501	874	0.0	675
8717744be592c8beffade9c24a1887b2	FLASV4647.1460	100.000	374	0	0	1	374	501	874	0.0	675
8717744be592c8beffade9c24a1887b2	FLASV4396.1460	100.000	374	0	0	1	374	501	874	0.0	675
8717744be592c8beffade9c24a1887b2	FLASV4308.1460	100.000	374	0	0	1	374	501	874	0.0	675
8717744be592c8beffade9c24a1887b2	FLASV4246.1460	100.000	374	0	0	1	374	501	874	0.0	675
8717744be592c8beffade9c24a1887b2	FLASV3583.1460	100.000	374	0	0	1	374	501	874	0.0	675
8717744be592c8beffade9c24a1887b2	FLASV3517.1460	100.000	374	0	0	1	374	501	874	0.0	675
8717744be592c8beffade9c24a1887b2	FLASV2085.1460	100.000	374	0	0	1	374	501	874	0.0	675
8717744be592c8beffade9c24a1887b2	FLASV1342.1460	100.000	374	0	0	1	374	501	874	0.0	675
8717744be592c8beffade9c24a1887b2	FLASV1313.1460	100.000	374	0	0	1	374	501	874	0.0	675
8717744be592c8beffade9c24a1887b2	FLASV577.1460	100.000	374	0	0	1	374	501	874	0.0	675
8717744be592c8beffade9c24a1887b2	FLASV274.1460	100.000	374	0	0	1	374	501	874	0.0	675
8717744be592c8beffade9c24a1887b2	FLASV173.1460	100.000	374	0	0	1	374	501	874	0.0	675
8717744be592c8beffade9c24a1887b2	FLASV88757.1359	99.733	374	1	0	1	374	501	874	0.0	671
8717744be592c8beffade9c24a1887b2	FLASV87920.1359	99.733	374	1	0	1	374	501	874	0.0	671
8717744be592c8beffade9c24a1887b2	FLASV22964.1359	99.733	374	1	0	1	374	501	874	0.0	671
8717744be592c8beffade9c24a1887b2	FLASV4869.1460	99.733	374	1	0	1	374	501	874	0.0	671
8717744be592c8beffade9c24a1887b2	FLASV17445.1359	99.465	374	2	0	1	374	501	874	0.0	666
aa00ac44a18d5cfe172c55e288fec853	FLASV33014.1359	99.733	374	1	0	1	374	501	874	0.0	671
aa00ac44a18d5cfe172c55e288fec853	FLASV24939.1359	99.733	374	1	0	1	374	501	874	0.0	671
aa00ac44a18d5cfe172c55e288fec853	FLASV23512.1359	99.733	374	1	0	1	374	501	874	0.0	671
aa00ac44a18d5cfe172c55e288fec853	FLASV20496.1359	99.733	374	1	0	1	374	501	874	0.0	671
aa00ac44a18d5cfe172c55e288fec853	FLASV18099.1359	99.733	374	1	0	1	374	501	874	0.0	671
aa00ac44a18d5cfe172c55e288fec853	FLASV17482.1359	99.733	374	1	0	1	374	501	874	0.0	671
aa00ac44a18d5cfe172c55e288fec853	FLASV14578.1359	99.733	374	1	0	1	374	501	874	0.0	671
aa00ac44a18d5cfe172c55e288fec853	FLASV13182.1359	99.733	374	1	0	1	374	501	874	0.0	671
aa00ac44a18d5cfe172c55e288fec853	FLASV13143.1359	99.733	374	1	0	1	374	501	874	0.0	671
aa00ac44a18d5cfe172c55e288fec853	FLASV12756.1359	99.733	374	1	0	1	374	501	874	0.0	671
aa00ac44a18d5cfe172c55e288fec853	FLASV12691.1359	99.733	374	1	0	1	374	501	874	0.0	671
aa00ac44a18d5cfe172c55e288fec853	FLASV11720.1359	99.733	374	1	0	1	374	501	874	0.0	671
aa00ac44a18d5cfe172c55e288fec853	FLASV11403.1359	99.733	374	1	0	1	374	501	874	0.0	671
aa00ac44a18d5cfe172c55e288fec853	FLASV10889.1359	99.733	374	1	0	1	374	501	874	0.0	671
aa00ac44a18d5cfe172c55e288fec853	FLASV10455.1359	99.733	374	1	0	1	374	501	874	0.0	671
aa00ac44a18d5cfe172c55e288fec853	FLASV10450.1359	99.733	374	1	0	1	374	501	874	0.0	671
aa00ac44a18d5cfe172c55e288fec853	FLASV10012.1359	99.733	374	1	0	1	374	501	874	0.0	671
aa00ac44a18d5cfe172c55e288fec853	FLASV9867.1359	99.733	374	1	0	1	374	501	874	0.0	671
aa00ac44a18d5cfe172c55e288fec853	FLASV9852.1359	99.733	374	1	0	1	374	501	874	0.0	671
aa00ac44a18d5cfe172c55e288fec853	FLASV9692.1359	99.733	374	1	0	1	374	501	874	0.0	671
aa00ac44a18d5cfe172c55e288fec853	FLASV9671.1359	99.733	374	1	0	1	374	501	874	0.0	671
aa00ac44a18d5cfe172c55e288fec853	FLASV9624.1359	99.733	374	1	0	1	374	501	874	0.0	671
aa00ac44a18d5cfe172c55e288fec853	FLASV9253.1460	99.733	374	1	0	1	374	501	874	0.0	671
aa00ac44a18d5cfe172c55e288fec853	FLASV6042.1460	99.733	374	1	0	1	374	501	874	0.0	671
aa00ac44a18d5cfe172c55e288fec853	FLASV5831.1460	99.733	374	1	0	1	374	501	874	0.0	671
aa00ac44a18d5cfe172c55e288fec853	FLASV4647.1460	99.733	374	1	0	1	374	501	874	0.0	671
aa00ac44a18d5cfe172c55e288fec853	FLASV4396.1460	99.733	374	1	0	1	374	501	874	0.0	671
aa00ac44a18d5cfe172c55e288fec853	FLASV4308.1460	99.733	374	1	0	1	374	501	874	0.0	671
aa00ac44a18d5cfe172c55e288fec853	FLASV4246.1460	99.733	374	1	0	1	374	501	874	0.0	671
aa00ac44a18d5cfe172c55e288fec853	FLASV3583.1460	99.733	374	1	0	1	374	501	874	0.0	671
aa00ac44a18d5cfe172c55e288fec853	FLASV3517.1460	99.733	374	1	0	1	374	501	874	0.0	671
aa00ac44a18d5cfe172c55e288fec853	FLASV2085.1460	99.733	374	1	0	1	374	501	874	0.0	671
aa00ac44a18d5cfe172c55e288fec853	FLASV1342.1460	99.733	374	1	0	1	374	501	874	0.0	671
aa00ac44a18d5cfe172c55e288fec853	FLASV1313.1460	99.733	374	1	0	1	374	501	874	0.0	671
aa00ac44a18d5cfe172c55e288fec853	FLASV577.1460	99.733	374	1	0	1	374	501	874	0.0	671
aa00ac44a18d5cfe172c55e288fec853	FLASV274.1460	99.733	374	1	0	1	374	501	874	0.0	671
aa00ac44a18d5cfe172c55e288fec853	FLASV173.1460	99.733	374	1	0	1	374	501	874	0.0	671
aa00ac44a18d5cfe172c55e288fec853	FLASV88757.1359	99.465	374	2	0	1	374	501	874	0.0	666
aa00ac44a18d5cfe172c55e288fec853	FLASV87920.1359	99.465	374	2	0	1	374	501	874	0.0	666
aa00ac44a18d5cfe172c55e288fec853	FLASV22964.1359	99.465	374	2	0	1	374	501	874	0.0	666
aa00ac44a18d5cfe172c55e288fec853	FLASV4869.1460	99.465	374	2	0	1	374	501	874	0.0	666
aa00ac44a18d5cfe172c55e288fec853	FLASV17445.1359	99.198	374	3	0	1	374	501	874	0.0	662
bf469a346ae35929e6a1942cce432413	FLASV33014.1359	98.663	374	5	0	1	374	501	874	0.0	653
bf469a346ae35929e6a1942cce432413	FLASV24939.1359	98.663	374	5	0	1	374	501	874	0.0	653
bf469a346ae35929e6a1942cce432413	FLASV23512.1359	98.663	374	5	0	1	374	501	874	0.0	653
bf469a346ae35929e6a1942cce432413	FLASV20496.1359	98.663	374	5	0	1	374	501	874	0.0	653
bf469a346ae35929e6a1942cce432413	FLASV18099.1359	98.663	374	5	0	1	374	501	874	0.0	653
bf469a346ae35929e6a1942cce432413	FLASV17482.1359	98.663	374	5	0	1	374	501	874	0.0	653
bf469a346ae35929e6a1942cce432413	FLASV14578.1359	98.663	374	5	0	1	374	501	874	0.0	653
bf469a346ae35929e6a1942cce432413	FLASV13182.1359	98.663	374	5	0	1	374	501	874	0.0	653
bf469a346ae35929e6a1942cce432413	FLASV13143.1359	98.663	374	5	0	1	374	501	874	0.0	653
bf469a346ae35929e6a1942cce432413	FLASV12756.1359	98.663	374	5	0	1	374	501	874	0.0	653
bf469a346ae35929e6a1942cce432413	FLASV12691.1359	98.663	374	5	0	1	374	501	874	0.0	653
bf469a346ae35929e6a1942cce432413	FLASV11720.1359	98.663	374	5	0	1	374	501	874	0.0	653
bf469a346ae35929e6a1942cce432413	FLASV11403.1359	98.663	374	5	0	1	374	501	874	0.0	653
bf469a346ae35929e6a1942cce432413	FLASV10889.1359	98.663	374	5	0	1	374	501	874	0.0	653
bf469a346ae35929e6a1942cce432413	FLASV10455.1359	98.663	374	5	0	1	374	501	874	0.0	653
bf469a346ae35929e6a1942cce432413	FLASV10450.1359	98.663	374	5	0	1	374	501	874	0.0	653
bf469a346ae35929e6a1942cce432413	FLASV10012.1359	98.663	374	5	0	1	374	501	874	0.0	653
bf469a346ae35929e6a1942cce432413	FLASV9867.1359	98.663	374	5	0	1	374	501	874	0.0	653
bf469a346ae35929e6a1942cce432413	FLASV9852.1359	98.663	374	5	0	1	374	501	874	0.0	653
bf469a346ae35929e6a1942cce432413	FLASV9692.1359	98.663	374	5	0	1	374	501	874	0.0	653
bf469a346ae35929e6a1942cce432413	FLASV9671.1359	98.663	374	5	0	1	374	501	874	0.0	653
bf469a346ae35929e6a1942cce432413	FLASV9624.1359	98.663	374	5	0	1	374	501	874	0.0	653
bf469a346ae35929e6a1942cce432413	FLASV9253.1460	98.663	374	5	0	1	374	501	874	0.0	653
bf469a346ae35929e6a1942cce432413	FLASV6042.1460	98.663	374	5	0	1	374	501	874	0.0	653
bf469a346ae35929e6a1942cce432413	FLASV5831.1460	98.663	374	5	0	1	374	501	874	0.0	653
bf469a346ae35929e6a1942cce432413	FLASV4647.1460	98.663	374	5	0	1	374	501	874	0.0	653
bf469a346ae35929e6a1942cce432413	FLASV4396.1460	98.663	374	5	0	1	374	501	874	0.0	653
bf469a346ae35929e6a1942cce432413	FLASV4308.1460	98.663	374	5	0	1	374	501	874	0.0	653
bf469a346ae35929e6a1942cce432413	FLASV4246.1460	98.663	374	5	0	1	374	501	874	0.0	653
bf469a346ae35929e6a1942cce432413	FLASV3583.1460	98.663	374	5	0	1	374	501	874	0.0	653
bf469a346ae35929e6a1942cce432413	FLASV3517.1460	98.663	374	5	0	1	374	501	874	0.0	653
bf469a346ae35929e6a1942cce432413	FLASV2085.1460	98.663	374	5	0	1	374	501	874	0.0	653
bf469a346ae35929e6a1942cce432413	FLASV1342.1460	98.663	374	5	0	1	374	501	874	0.0	653
bf469a346ae35929e6a1942cce432413	FLASV1313.1460	98.663	374	5	0	1	374	501	874	0.0	653
bf469a346ae35929e6a1942cce432413	FLASV577.1460	98.663	374	5	0	1	374	501	874	0.0	653
bf469a346ae35929e6a1942cce432413	FLASV274.1460	98.663	374	5	0	1	374	501	874	0.0	653
bf469a346ae35929e6a1942cce432413	FLASV173.1460	98.663	374	5	0	1	374	501	874	0.0	653
bf469a346ae35929e6a1942cce432413	FLASV88757.1359	98.396	374	6	0	1	374	501	874	0.0	648
bf469a346ae35929e6a1942cce432413	FLASV87920.1359	98.396	374	6	0	1	374	501	874	0.0	648
bf469a346ae35929e6a1942cce432413	FLASV22964.1359	98.396	374	6	0	1	374	501	874	0.0	648
bf469a346ae35929e6a1942cce432413	FLASV4869.1460	98.396	374	6	0	1	374	501	874	0.0	648
bf469a346ae35929e6a1942cce432413	FLASV17445.1359	98.128	374	7	0	1	374	501	874	0.0	644
14a0fd4aeff6e34a485000818abe3182	FLASV33014.1359	98.930	374	4	0	1	374	501	874	0.0	657
14a0fd4aeff6e34a485000818abe3182	FLASV24939.1359	98.930	374	4	0	1	374	501	874	0.0	657
14a0fd4aeff6e34a485000818abe3182	FLASV23512.1359	98.930	374	4	0	1	374	501	874	0.0	657
14a0fd4aeff6e34a485000818abe3182	FLASV20496.1359	98.930	374	4	0	1	374	501	874	0.0	657
14a0fd4aeff6e34a485000818abe3182	FLASV18099.1359	98.930	374	4	0	1	374	501	874	0.0	657
14a0fd4aeff6e34a485000818abe3182	FLASV17482.1359	98.930	374	4	0	1	374	501	874	0.0	657
14a0fd4aeff6e34a485000818abe3182	FLASV14578.1359	98.930	374	4	0	1	374	501	874	0.0	657
14a0fd4aeff6e34a485000818abe3182	FLASV13182.1359	98.930	374	4	0	1	374	501	874	0.0	657
14a0fd4aeff6e34a485000818abe3182	FLASV13143.1359	98.930	374	4	0	1	374	501	874	0.0	657
14a0fd4aeff6e34a485000818abe3182	FLASV12756.1359	98.930	374	4	0	1	374	501	874	0.0	657
14a0fd4aeff6e34a485000818abe3182	FLASV12691.1359	98.930	374	4	0	1	374	501	874	0.0	657
14a0fd4aeff6e34a485000818abe3182	FLASV11720.1359	98.930	374	4	0	1	374	501	874	0.0	657
14a0fd4aeff6e34a485000818abe3182	FLASV11403.1359	98.930	374	4	0	1	374	501	874	0.0	657
14a0fd4aeff6e34a485000818abe3182	FLASV10889.1359	98.930	374	4	0	1	374	501	874	0.0	657
14a0fd4aeff6e34a485000818abe3182	FLASV10455.1359	98.930	374	4	0	1	374	501	874	0.0	657
14a0fd4aeff6e34a485000818abe3182	FLASV10450.1359	98.930	374	4	0	1	374	501	874	0.0	657
14a0fd4aeff6e34a485000818abe3182	FLASV10012.1359	98.930	374	4	0	1	374	501	874	0.0	657
14a0fd4aeff6e34a485000818abe3182	FLASV9867.1359	98.930	374	4	0	1	374	501	874	0.0	657
14a0fd4aeff6e34a485000818abe3182	FLASV9852.1359	98.930	374	4	0	1	374	501	874	0.0	657
14a0fd4aeff6e34a485000818abe3182	FLASV9692.1359	98.930	374	4	0	1	374	501	874	0.0	657
14a0fd4aeff6e34a485000818abe3182	FLASV9671.1359	98.930	374	4	0	1	374	501	874	0.0	657
14a0fd4aeff6e34a485000818abe3182	FLASV9624.1359	98.930	374	4	0	1	374	501	874	0.0	657
14a0fd4aeff6e34a485000818abe3182	FLASV9253.1460	98.930	374	4	0	1	374	501	874	0.0	657
14a0fd4aeff6e34a485000818abe3182	FLASV6042.1460	98.930	374	4	0	1	374	501	874	0.0	657
14a0fd4aeff6e34a485000818abe3182	FLASV5831.1460	98.930	374	4	0	1	374	501	874	0.0	657
14a0fd4aeff6e34a485000818abe3182	FLASV4647.1460	98.930	374	4	0	1	374	501	874	0.0	657
14a0fd4aeff6e34a485000818abe3182	FLASV4396.1460	98.930	374	4	0	1	374	501	874	0.0	657
14a0fd4aeff6e34a485000818abe3182	FLASV4308.1460	98.930	374	4	0	1	374	501	874	0.0	657
14a0fd4aeff6e34a485000818abe3182	FLASV4246.1460	98.930	374	4	0	1	374	501	874	0.0	657
14a0fd4aeff6e34a485000818abe3182	FLASV3583.1460	98.930	374	4	0	1	374	501	874	0.0	657
14a0fd4aeff6e34a485000818abe3182	FLASV3517.1460	98.930	374	4	0	1	374	501	874	0.0	657
14a0fd4aeff6e34a485000818abe3182	FLASV2085.1460	98.930	374	4	0	1	374	501	874	0.0	657
14a0fd4aeff6e34a485000818abe3182	FLASV1342.1460	98.930	374	4	0	1	374	501	874	0.0	657
14a0fd4aeff6e34a485000818abe3182	FLASV1313.1460	98.930	374	4	0	1	374	501	874	0.0	657
14a0fd4aeff6e34a485000818abe3182	FLASV577.1460	98.930	374	4	0	1	374	501	874	0.0	657
14a0fd4aeff6e34a485000818abe3182	FLASV274.1460	98.930	374	4	0	1	374	501	874	0.0	657
14a0fd4aeff6e34a485000818abe3182	FLASV173.1460	98.930	374	4	0	1	374	501	874	0.0	657
14a0fd4aeff6e34a485000818abe3182	FLASV88757.1359	98.663	374	5	0	1	374	501	874	0.0	653
14a0fd4aeff6e34a485000818abe3182	FLASV87920.1359	98.663	374	5	0	1	374	501	874	0.0	653
14a0fd4aeff6e34a485000818abe3182	FLASV22964.1359	98.663	374	5	0	1	374	501	874	0.0	653
14a0fd4aeff6e34a485000818abe3182	FLASV4869.1460	98.663	374	5	0	1	374	501	874	0.0	653
14a0fd4aeff6e34a485000818abe3182	FLASV17445.1359	98.396	374	6	0	1	374	501	874	0.0	648
89c962e2643e3c9af6fa5614a3e57003	FLASV33014.1359	98.663	374	5	0	1	374	501	874	0.0	653
89c962e2643e3c9af6fa5614a3e57003	FLASV24939.1359	98.663	374	5	0	1	374	501	874	0.0	653
89c962e2643e3c9af6fa5614a3e57003	FLASV23512.1359	98.663	374	5	0	1	374	501	874	0.0	653
89c962e2643e3c9af6fa5614a3e57003	FLASV20496.1359	98.663	374	5	0	1	374	501	874	0.0	653
89c962e2643e3c9af6fa5614a3e57003	FLASV18099.1359	98.663	374	5	0	1	374	501	874	0.0	653
89c962e2643e3c9af6fa5614a3e57003	FLASV17482.1359	98.663	374	5	0	1	374	501	874	0.0	653
89c962e2643e3c9af6fa5614a3e57003	FLASV14578.1359	98.663	374	5	0	1	374	501	874	0.0	653
89c962e2643e3c9af6fa5614a3e57003	FLASV13182.1359	98.663	374	5	0	1	374	501	874	0.0	653
89c962e2643e3c9af6fa5614a3e57003	FLASV13143.1359	98.663	374	5	0	1	374	501	874	0.0	653
89c962e2643e3c9af6fa5614a3e57003	FLASV12756.1359	98.663	374	5	0	1	374	501	874	0.0	653
89c962e2643e3c9af6fa5614a3e57003	FLASV12691.1359	98.663	374	5	0	1	374	501	874	0.0	653
89c962e2643e3c9af6fa5614a3e57003	FLASV11720.1359	98.663	374	5	0	1	374	501	874	0.0	653
89c962e2643e3c9af6fa5614a3e57003	FLASV11403.1359	98.663	374	5	0	1	374	501	874	0.0	653
89c962e2643e3c9af6fa5614a3e57003	FLASV10889.1359	98.663	374	5	0	1	374	501	874	0.0	653
89c962e2643e3c9af6fa5614a3e57003	FLASV10455.1359	98.663	374	5	0	1	374	501	874	0.0	653
89c962e2643e3c9af6fa5614a3e57003	FLASV10450.1359	98.663	374	5	0	1	374	501	874	0.0	653
89c962e2643e3c9af6fa5614a3e57003	FLASV10012.1359	98.663	374	5	0	1	374	501	874	0.0	653
89c962e2643e3c9af6fa5614a3e57003	FLASV9867.1359	98.663	374	5	0	1	374	501	874	0.0	653
89c962e2643e3c9af6fa5614a3e57003	FLASV9852.1359	98.663	374	5	0	1	374	501	874	0.0	653
89c962e2643e3c9af6fa5614a3e57003	FLASV9692.1359	98.663	374	5	0	1	374	501	874	0.0	653
89c962e2643e3c9af6fa5614a3e57003	FLASV9671.1359	98.663	374	5	0	1	374	501	874	0.0	653
89c962e2643e3c9af6fa5614a3e57003	FLASV9624.1359	98.663	374	5	0	1	374	501	874	0.0	653
89c962e2643e3c9af6fa5614a3e57003	FLASV9253.1460	98.663	374	5	0	1	374	501	874	0.0	653
89c962e2643e3c9af6fa5614a3e57003	FLASV6042.1460	98.663	374	5	0	1	374	501	874	0.0	653
89c962e2643e3c9af6fa5614a3e57003	FLASV5831.1460	98.663	374	5	0	1	374	501	874	0.0	653
89c962e2643e3c9af6fa5614a3e57003	FLASV4647.1460	98.663	374	5	0	1	374	501	874	0.0	653
89c962e2643e3c9af6fa5614a3e57003	FLASV4396.1460	98.663	374	5	0	1	374	501	874	0.0	653
89c962e2643e3c9af6fa5614a3e57003	FLASV4308.1460	98.663	374	5	0	1	374	501	874	0.0	653
89c962e2643e3c9af6fa5614a3e57003	FLASV4246.1460	98.663	374	5	0	1	374	501	874	0.0	653
89c962e2643e3c9af6fa5614a3e57003	FLASV3583.1460	98.663	374	5	0	1	374	501	874	0.0	653
89c962e2643e3c9af6fa5614a3e57003	FLASV3517.1460	98.663	374	5	0	1	374	501	874	0.0	653
89c962e2643e3c9af6fa5614a3e57003	FLASV2085.1460	98.663	374	5	0	1	374	501	874	0.0	653
89c962e2643e3c9af6fa5614a3e57003	FLASV1342.1460	98.663	374	5	0	1	374	501	874	0.0	653
89c962e2643e3c9af6fa5614a3e57003	FLASV1313.1460	98.663	374	5	0	1	374	501	874	0.0	653
89c962e2643e3c9af6fa5614a3e57003	FLASV577.1460	98.663	374	5	0	1	374	501	874	0.0	653
89c962e2643e3c9af6fa5614a3e57003	FLASV274.1460	98.663	374	5	0	1	374	501	874	0.0	653
89c962e2643e3c9af6fa5614a3e57003	FLASV173.1460	98.663	374	5	0	1	374	501	874	0.0	653
89c962e2643e3c9af6fa5614a3e57003	FLASV88757.1359	98.396	374	6	0	1	374	501	874	0.0	648
89c962e2643e3c9af6fa5614a3e57003	FLASV87920.1359	98.396	374	6	0	1	374	501	874	0.0	648
89c962e2643e3c9af6fa5614a3e57003	FLASV22964.1359	98.396	374	6	0	1	374	501	874	0.0	648
89c962e2643e3c9af6fa5614a3e57003	FLASV4869.1460	98.396	374	6	0	1	374	501	874	0.0	648
89c962e2643e3c9af6fa5614a3e57003	FLASV17445.1359	98.128	374	7	0	1	374	501	874	0.0	644
46f427850772ea89d6a06bafcf9a78a1	FLASV33014.1359	98.663	374	5	0	1	374	501	874	0.0	653
46f427850772ea89d6a06bafcf9a78a1	FLASV24939.1359	98.663	374	5	0	1	374	501	874	0.0	653
46f427850772ea89d6a06bafcf9a78a1	FLASV23512.1359	98.663	374	5	0	1	374	501	874	0.0	653
46f427850772ea89d6a06bafcf9a78a1	FLASV20496.1359	98.663	374	5	0	1	374	501	874	0.0	653
46f427850772ea89d6a06bafcf9a78a1	FLASV18099.1359	98.663	374	5	0	1	374	501	874	0.0	653
46f427850772ea89d6a06bafcf9a78a1	FLASV17482.1359	98.663	374	5	0	1	374	501	874	0.0	653
46f427850772ea89d6a06bafcf9a78a1	FLASV14578.1359	98.663	374	5	0	1	374	501	874	0.0	653
46f427850772ea89d6a06bafcf9a78a1	FLASV13182.1359	98.663	374	5	0	1	374	501	874	0.0	653
46f427850772ea89d6a06bafcf9a78a1	FLASV13143.1359	98.663	374	5	0	1	374	501	874	0.0	653
46f427850772ea89d6a06bafcf9a78a1	FLASV12756.1359	98.663	374	5	0	1	374	501	874	0.0	653
46f427850772ea89d6a06bafcf9a78a1	FLASV12691.1359	98.663	374	5	0	1	374	501	874	0.0	653
46f427850772ea89d6a06bafcf9a78a1	FLASV11720.1359	98.663	374	5	0	1	374	501	874	0.0	653
46f427850772ea89d6a06bafcf9a78a1	FLASV11403.1359	98.663	374	5	0	1	374	501	874	0.0	653
46f427850772ea89d6a06bafcf9a78a1	FLASV10889.1359	98.663	374	5	0	1	374	501	874	0.0	653
46f427850772ea89d6a06bafcf9a78a1	FLASV10455.1359	98.663	374	5	0	1	374	501	874	0.0	653
46f427850772ea89d6a06bafcf9a78a1	FLASV10450.1359	98.663	374	5	0	1	374	501	874	0.0	653
46f427850772ea89d6a06bafcf9a78a1	FLASV10012.1359	98.663	374	5	0	1	374	501	874	0.0	653
46f427850772ea89d6a06bafcf9a78a1	FLASV9867.1359	98.663	374	5	0	1	374	501	874	0.0	653
46f427850772ea89d6a06bafcf9a78a1	FLASV9852.1359	98.663	374	5	0	1	374	501	874	0.0	653
46f427850772ea89d6a06bafcf9a78a1	FLASV9692.1359	98.663	374	5	0	1	374	501	874	0.0	653
46f427850772ea89d6a06bafcf9a78a1	FLASV9671.1359	98.663	374	5	0	1	374	501	874	0.0	653
46f427850772ea89d6a06bafcf9a78a1	FLASV9624.1359	98.663	374	5	0	1	374	501	874	0.0	653
46f427850772ea89d6a06bafcf9a78a1	FLASV9253.1460	98.663	374	5	0	1	374	501	874	0.0	653
46f427850772ea89d6a06bafcf9a78a1	FLASV6042.1460	98.663	374	5	0	1	374	501	874	0.0	653
46f427850772ea89d6a06bafcf9a78a1	FLASV5831.1460	98.663	374	5	0	1	374	501	874	0.0	653
46f427850772ea89d6a06bafcf9a78a1	FLASV4647.1460	98.663	374	5	0	1	374	501	874	0.0	653
46f427850772ea89d6a06bafcf9a78a1	FLASV4396.1460	98.663	374	5	0	1	374	501	874	0.0	653
46f427850772ea89d6a06bafcf9a78a1	FLASV4308.1460	98.663	374	5	0	1	374	501	874	0.0	653
46f427850772ea89d6a06bafcf9a78a1	FLASV4246.1460	98.663	374	5	0	1	374	501	874	0.0	653
46f427850772ea89d6a06bafcf9a78a1	FLASV3583.1460	98.663	374	5	0	1	374	501	874	0.0	653
46f427850772ea89d6a06bafcf9a78a1	FLASV3517.1460	98.663	374	5	0	1	374	501	874	0.0	653
46f427850772ea89d6a06bafcf9a78a1	FLASV2085.1460	98.663	374	5	0	1	374	501	874	0.0	653
46f427850772ea89d6a06bafcf9a78a1	FLASV1342.1460	98.663	374	5	0	1	374	501	874	0.0	653
46f427850772ea89d6a06bafcf9a78a1	FLASV1313.1460	98.663	374	5	0	1	374	501	874	0.0	653
46f427850772ea89d6a06bafcf9a78a1	FLASV577.1460	98.663	374	5	0	1	374	501	874	0.0	653
46f427850772ea89d6a06bafcf9a78a1	FLASV274.1460	98.663	374	5	0	1	374	501	874	0.0	653
46f427850772ea89d6a06bafcf9a78a1	FLASV173.1460	98.663	374	5	0	1	374	501	874	0.0	653
46f427850772ea89d6a06bafcf9a78a1	FLASV88757.1359	98.396	374	6	0	1	374	501	874	0.0	648
46f427850772ea89d6a06bafcf9a78a1	FLASV87920.1359	98.396	374	6	0	1	374	501	874	0.0	648
46f427850772ea89d6a06bafcf9a78a1	FLASV22964.1359	98.396	374	6	0	1	374	501	874	0.0	648
46f427850772ea89d6a06bafcf9a78a1	FLASV4869.1460	98.396	374	6	0	1	374	501	874	0.0	648
46f427850772ea89d6a06bafcf9a78a1	FLASV17445.1359	98.128	374	7	0	1	374	501	874	0.0	644
8a7375280adf8cd6889445a727753c68	FLASV17445.1359	98.930	374	4	0	1	374	501	874	0.0	657
8a7375280adf8cd6889445a727753c68	FLASV33014.1359	98.396	374	6	0	1	374	501	874	0.0	648
8a7375280adf8cd6889445a727753c68	FLASV24939.1359	98.396	374	6	0	1	374	501	874	0.0	648
8a7375280adf8cd6889445a727753c68	FLASV23512.1359	98.396	374	6	0	1	374	501	874	0.0	648
8a7375280adf8cd6889445a727753c68	FLASV20496.1359	98.396	374	6	0	1	374	501	874	0.0	648
8a7375280adf8cd6889445a727753c68	FLASV18099.1359	98.396	374	6	0	1	374	501	874	0.0	648
8a7375280adf8cd6889445a727753c68	FLASV17482.1359	98.396	374	6	0	1	374	501	874	0.0	648
8a7375280adf8cd6889445a727753c68	FLASV14578.1359	98.396	374	6	0	1	374	501	874	0.0	648
8a7375280adf8cd6889445a727753c68	FLASV13182.1359	98.396	374	6	0	1	374	501	874	0.0	648
8a7375280adf8cd6889445a727753c68	FLASV13143.1359	98.396	374	6	0	1	374	501	874	0.0	648
8a7375280adf8cd6889445a727753c68	FLASV12756.1359	98.396	374	6	0	1	374	501	874	0.0	648
8a7375280adf8cd6889445a727753c68	FLASV12691.1359	98.396	374	6	0	1	374	501	874	0.0	648
8a7375280adf8cd6889445a727753c68	FLASV11720.1359	98.396	374	6	0	1	374	501	874	0.0	648
8a7375280adf8cd6889445a727753c68	FLASV11403.1359	98.396	374	6	0	1	374	501	874	0.0	648
8a7375280adf8cd6889445a727753c68	FLASV10889.1359	98.396	374	6	0	1	374	501	874	0.0	648
8a7375280adf8cd6889445a727753c68	FLASV10455.1359	98.396	374	6	0	1	374	501	874	0.0	648
8a7375280adf8cd6889445a727753c68	FLASV10450.1359	98.396	374	6	0	1	374	501	874	0.0	648
8a7375280adf8cd6889445a727753c68	FLASV10012.1359	98.396	374	6	0	1	374	501	874	0.0	648
8a7375280adf8cd6889445a727753c68	FLASV9867.1359	98.396	374	6	0	1	374	501	874	0.0	648
8a7375280adf8cd6889445a727753c68	FLASV9852.1359	98.396	374	6	0	1	374	501	874	0.0	648
8a7375280adf8cd6889445a727753c68	FLASV9692.1359	98.396	374	6	0	1	374	501	874	0.0	648
8a7375280adf8cd6889445a727753c68	FLASV9671.1359	98.396	374	6	0	1	374	501	874	0.0	648
8a7375280adf8cd6889445a727753c68	FLASV9624.1359	98.396	374	6	0	1	374	501	874	0.0	648
8a7375280adf8cd6889445a727753c68	FLASV9253.1460	98.396	374	6	0	1	374	501	874	0.0	648
8a7375280adf8cd6889445a727753c68	FLASV6042.1460	98.396	374	6	0	1	374	501	874	0.0	648
8a7375280adf8cd6889445a727753c68	FLASV5831.1460	98.396	374	6	0	1	374	501	874	0.0	648
8a7375280adf8cd6889445a727753c68	FLASV4647.1460	98.396	374	6	0	1	374	501	874	0.0	648
8a7375280adf8cd6889445a727753c68	FLASV4396.1460	98.396	374	6	0	1	374	501	874	0.0	648
8a7375280adf8cd6889445a727753c68	FLASV4308.1460	98.396	374	6	0	1	374	501	874	0.0	648
8a7375280adf8cd6889445a727753c68	FLASV4246.1460	98.396	374	6	0	1	374	501	874	0.0	648
8a7375280adf8cd6889445a727753c68	FLASV3583.1460	98.396	374	6	0	1	374	501	874	0.0	648
8a7375280adf8cd6889445a727753c68	FLASV3517.1460	98.396	374	6	0	1	374	501	874	0.0	648
8a7375280adf8cd6889445a727753c68	FLASV2085.1460	98.396	374	6	0	1	374	501	874	0.0	648
8a7375280adf8cd6889445a727753c68	FLASV1342.1460	98.396	374	6	0	1	374	501	874	0.0	648
8a7375280adf8cd6889445a727753c68	FLASV1313.1460	98.396	374	6	0	1	374	501	874	0.0	648
8a7375280adf8cd6889445a727753c68	FLASV577.1460	98.396	374	6	0	1	374	501	874	0.0	648
8a7375280adf8cd6889445a727753c68	FLASV274.1460	98.396	374	6	0	1	374	501	874	0.0	648
8a7375280adf8cd6889445a727753c68	FLASV173.1460	98.396	374	6	0	1	374	501	874	0.0	648
8a7375280adf8cd6889445a727753c68	FLASV88757.1359	98.128	374	7	0	1	374	501	874	0.0	644
8a7375280adf8cd6889445a727753c68	FLASV87920.1359	98.128	374	7	0	1	374	501	874	0.0	644
8a7375280adf8cd6889445a727753c68	FLASV22964.1359	98.128	374	7	0	1	374	501	874	0.0	644
8a7375280adf8cd6889445a727753c68	FLASV4869.1460	98.128	374	7	0	1	374	501	874	0.0	644
b84ef0fd84cc6fd73c17bd6345ff63cd	FLASV33014.1359	98.663	374	5	0	1	374	501	874	0.0	653
b84ef0fd84cc6fd73c17bd6345ff63cd	FLASV24939.1359	98.663	374	5	0	1	374	501	874	0.0	653
b84ef0fd84cc6fd73c17bd6345ff63cd	FLASV23512.1359	98.663	374	5	0	1	374	501	874	0.0	653
b84ef0fd84cc6fd73c17bd6345ff63cd	FLASV20496.1359	98.663	374	5	0	1	374	501	874	0.0	653
b84ef0fd84cc6fd73c17bd6345ff63cd	FLASV18099.1359	98.663	374	5	0	1	374	501	874	0.0	653
b84ef0fd84cc6fd73c17bd6345ff63cd	FLASV17482.1359	98.663	374	5	0	1	374	501	874	0.0	653
b84ef0fd84cc6fd73c17bd6345ff63cd	FLASV14578.1359	98.663	374	5	0	1	374	501	874	0.0	653
b84ef0fd84cc6fd73c17bd6345ff63cd	FLASV13182.1359	98.663	374	5	0	1	374	501	874	0.0	653
b84ef0fd84cc6fd73c17bd6345ff63cd	FLASV13143.1359	98.663	374	5	0	1	374	501	874	0.0	653
b84ef0fd84cc6fd73c17bd6345ff63cd	FLASV12756.1359	98.663	374	5	0	1	374	501	874	0.0	653
b84ef0fd84cc6fd73c17bd6345ff63cd	FLASV12691.1359	98.663	374	5	0	1	374	501	874	0.0	653
b84ef0fd84cc6fd73c17bd6345ff63cd	FLASV11720.1359	98.663	374	5	0	1	374	501	874	0.0	653
b84ef0fd84cc6fd73c17bd6345ff63cd	FLASV11403.1359	98.663	374	5	0	1	374	501	874	0.0	653
b84ef0fd84cc6fd73c17bd6345ff63cd	FLASV10889.1359	98.663	374	5	0	1	374	501	874	0.0	653
b84ef0fd84cc6fd73c17bd6345ff63cd	FLASV10455.1359	98.663	374	5	0	1	374	501	874	0.0	653
b84ef0fd84cc6fd73c17bd6345ff63cd	FLASV10450.1359	98.663	374	5	0	1	374	501	874	0.0	653
b84ef0fd84cc6fd73c17bd6345ff63cd	FLASV10012.1359	98.663	374	5	0	1	374	501	874	0.0	653
b84ef0fd84cc6fd73c17bd6345ff63cd	FLASV9867.1359	98.663	374	5	0	1	374	501	874	0.0	653
b84ef0fd84cc6fd73c17bd6345ff63cd	FLASV9852.1359	98.663	374	5	0	1	374	501	874	0.0	653
b84ef0fd84cc6fd73c17bd6345ff63cd	FLASV9692.1359	98.663	374	5	0	1	374	501	874	0.0	653
b84ef0fd84cc6fd73c17bd6345ff63cd	FLASV9671.1359	98.663	374	5	0	1	374	501	874	0.0	653
b84ef0fd84cc6fd73c17bd6345ff63cd	FLASV9624.1359	98.663	374	5	0	1	374	501	874	0.0	653
b84ef0fd84cc6fd73c17bd6345ff63cd	FLASV9253.1460	98.663	374	5	0	1	374	501	874	0.0	653
b84ef0fd84cc6fd73c17bd6345ff63cd	FLASV6042.1460	98.663	374	5	0	1	374	501	874	0.0	653
b84ef0fd84cc6fd73c17bd6345ff63cd	FLASV5831.1460	98.663	374	5	0	1	374	501	874	0.0	653
b84ef0fd84cc6fd73c17bd6345ff63cd	FLASV4647.1460	98.663	374	5	0	1	374	501	874	0.0	653
b84ef0fd84cc6fd73c17bd6345ff63cd	FLASV4396.1460	98.663	374	5	0	1	374	501	874	0.0	653
b84ef0fd84cc6fd73c17bd6345ff63cd	FLASV4308.1460	98.663	374	5	0	1	374	501	874	0.0	653
b84ef0fd84cc6fd73c17bd6345ff63cd	FLASV4246.1460	98.663	374	5	0	1	374	501	874	0.0	653
b84ef0fd84cc6fd73c17bd6345ff63cd	FLASV3583.1460	98.663	374	5	0	1	374	501	874	0.0	653
b84ef0fd84cc6fd73c17bd6345ff63cd	FLASV3517.1460	98.663	374	5	0	1	374	501	874	0.0	653
b84ef0fd84cc6fd73c17bd6345ff63cd	FLASV2085.1460	98.663	374	5	0	1	374	501	874	0.0	653
b84ef0fd84cc6fd73c17bd6345ff63cd	FLASV1342.1460	98.663	374	5	0	1	374	501	874	0.0	653
b84ef0fd84cc6fd73c17bd6345ff63cd	FLASV1313.1460	98.663	374	5	0	1	374	501	874	0.0	653
b84ef0fd84cc6fd73c17bd6345ff63cd	FLASV577.1460	98.663	374	5	0	1	374	501	874	0.0	653
b84ef0fd84cc6fd73c17bd6345ff63cd	FLASV274.1460	98.663	374	5	0	1	374	501	874	0.0	653
b84ef0fd84cc6fd73c17bd6345ff63cd	FLASV173.1460	98.663	374	5	0	1	374	501	874	0.0	653
b84ef0fd84cc6fd73c17bd6345ff63cd	FLASV88757.1359	98.396	374	6	0	1	374	501	874	0.0	648
b84ef0fd84cc6fd73c17bd6345ff63cd	FLASV87920.1359	98.396	374	6	0	1	374	501	874	0.0	648
b84ef0fd84cc6fd73c17bd6345ff63cd	FLASV22964.1359	98.396	374	6	0	1	374	501	874	0.0	648
b84ef0fd84cc6fd73c17bd6345ff63cd	FLASV4869.1460	98.396	374	6	0	1	374	501	874	0.0	648
b84ef0fd84cc6fd73c17bd6345ff63cd	FLASV17445.1359	98.128	374	7	0	1	374	501	874	0.0	644
9282af234e0afb0f0c7f5ae09c553058	FLASV33014.1359	98.663	374	5	0	1	374	501	874	0.0	653
9282af234e0afb0f0c7f5ae09c553058	FLASV24939.1359	98.663	374	5	0	1	374	501	874	0.0	653
9282af234e0afb0f0c7f5ae09c553058	FLASV23512.1359	98.663	374	5	0	1	374	501	874	0.0	653
9282af234e0afb0f0c7f5ae09c553058	FLASV20496.1359	98.663	374	5	0	1	374	501	874	0.0	653
9282af234e0afb0f0c7f5ae09c553058	FLASV18099.1359	98.663	374	5	0	1	374	501	874	0.0	653
9282af234e0afb0f0c7f5ae09c553058	FLASV17482.1359	98.663	374	5	0	1	374	501	874	0.0	653
9282af234e0afb0f0c7f5ae09c553058	FLASV14578.1359	98.663	374	5	0	1	374	501	874	0.0	653
9282af234e0afb0f0c7f5ae09c553058	FLASV13182.1359	98.663	374	5	0	1	374	501	874	0.0	653
9282af234e0afb0f0c7f5ae09c553058	FLASV13143.1359	98.663	374	5	0	1	374	501	874	0.0	653
9282af234e0afb0f0c7f5ae09c553058	FLASV12756.1359	98.663	374	5	0	1	374	501	874	0.0	653
9282af234e0afb0f0c7f5ae09c553058	FLASV12691.1359	98.663	374	5	0	1	374	501	874	0.0	653
9282af234e0afb0f0c7f5ae09c553058	FLASV11720.1359	98.663	374	5	0	1	374	501	874	0.0	653
9282af234e0afb0f0c7f5ae09c553058	FLASV11403.1359	98.663	374	5	0	1	374	501	874	0.0	653
9282af234e0afb0f0c7f5ae09c553058	FLASV10889.1359	98.663	374	5	0	1	374	501	874	0.0	653
9282af234e0afb0f0c7f5ae09c553058	FLASV10455.1359	98.663	374	5	0	1	374	501	874	0.0	653
9282af234e0afb0f0c7f5ae09c553058	FLASV10450.1359	98.663	374	5	0	1	374	501	874	0.0	653
9282af234e0afb0f0c7f5ae09c553058	FLASV10012.1359	98.663	374	5	0	1	374	501	874	0.0	653
9282af234e0afb0f0c7f5ae09c553058	FLASV9867.1359	98.663	374	5	0	1	374	501	874	0.0	653
9282af234e0afb0f0c7f5ae09c553058	FLASV9852.1359	98.663	374	5	0	1	374	501	874	0.0	653
9282af234e0afb0f0c7f5ae09c553058	FLASV9692.1359	98.663	374	5	0	1	374	501	874	0.0	653
9282af234e0afb0f0c7f5ae09c553058	FLASV9671.1359	98.663	374	5	0	1	374	501	874	0.0	653
9282af234e0afb0f0c7f5ae09c553058	FLASV9624.1359	98.663	374	5	0	1	374	501	874	0.0	653
9282af234e0afb0f0c7f5ae09c553058	FLASV9253.1460	98.663	374	5	0	1	374	501	874	0.0	653
9282af234e0afb0f0c7f5ae09c553058	FLASV6042.1460	98.663	374	5	0	1	374	501	874	0.0	653
9282af234e0afb0f0c7f5ae09c553058	FLASV5831.1460	98.663	374	5	0	1	374	501	874	0.0	653
9282af234e0afb0f0c7f5ae09c553058	FLASV4647.1460	98.663	374	5	0	1	374	501	874	0.0	653
9282af234e0afb0f0c7f5ae09c553058	FLASV4396.1460	98.663	374	5	0	1	374	501	874	0.0	653
9282af234e0afb0f0c7f5ae09c553058	FLASV4308.1460	98.663	374	5	0	1	374	501	874	0.0	653
9282af234e0afb0f0c7f5ae09c553058	FLASV4246.1460	98.663	374	5	0	1	374	501	874	0.0	653
9282af234e0afb0f0c7f5ae09c553058	FLASV3583.1460	98.663	374	5	0	1	374	501	874	0.0	653
9282af234e0afb0f0c7f5ae09c553058	FLASV3517.1460	98.663	374	5	0	1	374	501	874	0.0	653
9282af234e0afb0f0c7f5ae09c553058	FLASV2085.1460	98.663	374	5	0	1	374	501	874	0.0	653
9282af234e0afb0f0c7f5ae09c553058	FLASV1342.1460	98.663	374	5	0	1	374	501	874	0.0	653
9282af234e0afb0f0c7f5ae09c553058	FLASV1313.1460	98.663	374	5	0	1	374	501	874	0.0	653
9282af234e0afb0f0c7f5ae09c553058	FLASV577.1460	98.663	374	5	0	1	374	501	874	0.0	653
9282af234e0afb0f0c7f5ae09c553058	FLASV274.1460	98.663	374	5	0	1	374	501	874	0.0	653
9282af234e0afb0f0c7f5ae09c553058	FLASV173.1460	98.663	374	5	0	1	374	501	874	0.0	653
9282af234e0afb0f0c7f5ae09c553058	FLASV88757.1359	98.396	374	6	0	1	374	501	874	0.0	648
9282af234e0afb0f0c7f5ae09c553058	FLASV87920.1359	98.396	374	6	0	1	374	501	874	0.0	648
9282af234e0afb0f0c7f5ae09c553058	FLASV22964.1359	98.396	374	6	0	1	374	501	874	0.0	648
9282af234e0afb0f0c7f5ae09c553058	FLASV4869.1460	98.396	374	6	0	1	374	501	874	0.0	648
9282af234e0afb0f0c7f5ae09c553058	FLASV17445.1359	98.128	374	7	0	1	374	501	874	0.0	644
b77657f1a0921612f77bd5f42d66e29a	FLASV33014.1359	98.396	374	6	0	1	374	501	874	0.0	648
b77657f1a0921612f77bd5f42d66e29a	FLASV24939.1359	98.396	374	6	0	1	374	501	874	0.0	648
b77657f1a0921612f77bd5f42d66e29a	FLASV23512.1359	98.396	374	6	0	1	374	501	874	0.0	648
b77657f1a0921612f77bd5f42d66e29a	FLASV20496.1359	98.396	374	6	0	1	374	501	874	0.0	648
b77657f1a0921612f77bd5f42d66e29a	FLASV18099.1359	98.396	374	6	0	1	374	501	874	0.0	648
b77657f1a0921612f77bd5f42d66e29a	FLASV17482.1359	98.396	374	6	0	1	374	501	874	0.0	648
b77657f1a0921612f77bd5f42d66e29a	FLASV14578.1359	98.396	374	6	0	1	374	501	874	0.0	648
b77657f1a0921612f77bd5f42d66e29a	FLASV13182.1359	98.396	374	6	0	1	374	501	874	0.0	648
b77657f1a0921612f77bd5f42d66e29a	FLASV13143.1359	98.396	374	6	0	1	374	501	874	0.0	648
b77657f1a0921612f77bd5f42d66e29a	FLASV12756.1359	98.396	374	6	0	1	374	501	874	0.0	648
b77657f1a0921612f77bd5f42d66e29a	FLASV12691.1359	98.396	374	6	0	1	374	501	874	0.0	648
b77657f1a0921612f77bd5f42d66e29a	FLASV11720.1359	98.396	374	6	0	1	374	501	874	0.0	648
b77657f1a0921612f77bd5f42d66e29a	FLASV11403.1359	98.396	374	6	0	1	374	501	874	0.0	648
b77657f1a0921612f77bd5f42d66e29a	FLASV10889.1359	98.396	374	6	0	1	374	501	874	0.0	648
b77657f1a0921612f77bd5f42d66e29a	FLASV10455.1359	98.396	374	6	0	1	374	501	874	0.0	648
b77657f1a0921612f77bd5f42d66e29a	FLASV10450.1359	98.396	374	6	0	1	374	501	874	0.0	648
b77657f1a0921612f77bd5f42d66e29a	FLASV10012.1359	98.396	374	6	0	1	374	501	874	0.0	648
b77657f1a0921612f77bd5f42d66e29a	FLASV9867.1359	98.396	374	6	0	1	374	501	874	0.0	648
b77657f1a0921612f77bd5f42d66e29a	FLASV9852.1359	98.396	374	6	0	1	374	501	874	0.0	648
b77657f1a0921612f77bd5f42d66e29a	FLASV9692.1359	98.396	374	6	0	1	374	501	874	0.0	648
b77657f1a0921612f77bd5f42d66e29a	FLASV9671.1359	98.396	374	6	0	1	374	501	874	0.0	648
b77657f1a0921612f77bd5f42d66e29a	FLASV9624.1359	98.396	374	6	0	1	374	501	874	0.0	648
b77657f1a0921612f77bd5f42d66e29a	FLASV9253.1460	98.396	374	6	0	1	374	501	874	0.0	648
b77657f1a0921612f77bd5f42d66e29a	FLASV6042.1460	98.396	374	6	0	1	374	501	874	0.0	648
b77657f1a0921612f77bd5f42d66e29a	FLASV5831.1460	98.396	374	6	0	1	374	501	874	0.0	648
b77657f1a0921612f77bd5f42d66e29a	FLASV4647.1460	98.396	374	6	0	1	374	501	874	0.0	648
b77657f1a0921612f77bd5f42d66e29a	FLASV4396.1460	98.396	374	6	0	1	374	501	874	0.0	648
b77657f1a0921612f77bd5f42d66e29a	FLASV4308.1460	98.396	374	6	0	1	374	501	874	0.0	648
b77657f1a0921612f77bd5f42d66e29a	FLASV4246.1460	98.396	374	6	0	1	374	501	874	0.0	648
b77657f1a0921612f77bd5f42d66e29a	FLASV3583.1460	98.396	374	6	0	1	374	501	874	0.0	648
b77657f1a0921612f77bd5f42d66e29a	FLASV3517.1460	98.396	374	6	0	1	374	501	874	0.0	648
b77657f1a0921612f77bd5f42d66e29a	FLASV2085.1460	98.396	374	6	0	1	374	501	874	0.0	648
b77657f1a0921612f77bd5f42d66e29a	FLASV1342.1460	98.396	374	6	0	1	374	501	874	0.0	648
b77657f1a0921612f77bd5f42d66e29a	FLASV1313.1460	98.396	374	6	0	1	374	501	874	0.0	648
b77657f1a0921612f77bd5f42d66e29a	FLASV577.1460	98.396	374	6	0	1	374	501	874	0.0	648
b77657f1a0921612f77bd5f42d66e29a	FLASV274.1460	98.396	374	6	0	1	374	501	874	0.0	648
b77657f1a0921612f77bd5f42d66e29a	FLASV173.1460	98.396	374	6	0	1	374	501	874	0.0	648
b77657f1a0921612f77bd5f42d66e29a	FLASV88757.1359	98.128	374	7	0	1	374	501	874	0.0	644
b77657f1a0921612f77bd5f42d66e29a	FLASV87920.1359	98.128	374	7	0	1	374	501	874	0.0	644
b77657f1a0921612f77bd5f42d66e29a	FLASV22964.1359	98.128	374	7	0	1	374	501	874	0.0	644
b77657f1a0921612f77bd5f42d66e29a	FLASV4869.1460	98.128	374	7	0	1	374	501	874	0.0	644
b77657f1a0921612f77bd5f42d66e29a	FLASV17445.1359	97.861	374	8	0	1	374	501	874	0.0	639
a843a8bc1896ede83de1d8fd120cb857	FLASV88757.1359	98.396	374	6	0	1	374	501	874	0.0	648
a843a8bc1896ede83de1d8fd120cb857	FLASV87920.1359	98.396	374	6	0	1	374	501	874	0.0	648
a843a8bc1896ede83de1d8fd120cb857	FLASV33014.1359	98.128	374	7	0	1	374	501	874	0.0	644
a843a8bc1896ede83de1d8fd120cb857	FLASV24939.1359	98.128	374	7	0	1	374	501	874	0.0	644
a843a8bc1896ede83de1d8fd120cb857	FLASV23512.1359	98.128	374	7	0	1	374	501	874	0.0	644
a843a8bc1896ede83de1d8fd120cb857	FLASV20496.1359	98.128	374	7	0	1	374	501	874	0.0	644
a843a8bc1896ede83de1d8fd120cb857	FLASV18099.1359	98.128	374	7	0	1	374	501	874	0.0	644
a843a8bc1896ede83de1d8fd120cb857	FLASV17482.1359	98.128	374	7	0	1	374	501	874	0.0	644
a843a8bc1896ede83de1d8fd120cb857	FLASV14578.1359	98.128	374	7	0	1	374	501	874	0.0	644
a843a8bc1896ede83de1d8fd120cb857	FLASV13182.1359	98.128	374	7	0	1	374	501	874	0.0	644
a843a8bc1896ede83de1d8fd120cb857	FLASV13143.1359	98.128	374	7	0	1	374	501	874	0.0	644
a843a8bc1896ede83de1d8fd120cb857	FLASV12756.1359	98.128	374	7	0	1	374	501	874	0.0	644
a843a8bc1896ede83de1d8fd120cb857	FLASV12691.1359	98.128	374	7	0	1	374	501	874	0.0	644
a843a8bc1896ede83de1d8fd120cb857	FLASV11720.1359	98.128	374	7	0	1	374	501	874	0.0	644
a843a8bc1896ede83de1d8fd120cb857	FLASV11403.1359	98.128	374	7	0	1	374	501	874	0.0	644
a843a8bc1896ede83de1d8fd120cb857	FLASV10889.1359	98.128	374	7	0	1	374	501	874	0.0	644
a843a8bc1896ede83de1d8fd120cb857	FLASV10455.1359	98.128	374	7	0	1	374	501	874	0.0	644
a843a8bc1896ede83de1d8fd120cb857	FLASV10450.1359	98.128	374	7	0	1	374	501	874	0.0	644
a843a8bc1896ede83de1d8fd120cb857	FLASV10012.1359	98.128	374	7	0	1	374	501	874	0.0	644
a843a8bc1896ede83de1d8fd120cb857	FLASV9867.1359	98.128	374	7	0	1	374	501	874	0.0	644
a843a8bc1896ede83de1d8fd120cb857	FLASV9852.1359	98.128	374	7	0	1	374	501	874	0.0	644
a843a8bc1896ede83de1d8fd120cb857	FLASV9692.1359	98.128	374	7	0	1	374	501	874	0.0	644
a843a8bc1896ede83de1d8fd120cb857	FLASV9671.1359	98.128	374	7	0	1	374	501	874	0.0	644
a843a8bc1896ede83de1d8fd120cb857	FLASV9624.1359	98.128	374	7	0	1	374	501	874	0.0	644
a843a8bc1896ede83de1d8fd120cb857	FLASV9253.1460	98.128	374	7	0	1	374	501	874	0.0	644
a843a8bc1896ede83de1d8fd120cb857	FLASV6042.1460	98.128	374	7	0	1	374	501	874	0.0	644
a843a8bc1896ede83de1d8fd120cb857	FLASV5831.1460	98.128	374	7	0	1	374	501	874	0.0	644
a843a8bc1896ede83de1d8fd120cb857	FLASV4647.1460	98.128	374	7	0	1	374	501	874	0.0	644
a843a8bc1896ede83de1d8fd120cb857	FLASV4396.1460	98.128	374	7	0	1	374	501	874	0.0	644
a843a8bc1896ede83de1d8fd120cb857	FLASV4308.1460	98.128	374	7	0	1	374	501	874	0.0	644
a843a8bc1896ede83de1d8fd120cb857	FLASV4246.1460	98.128	374	7	0	1	374	501	874	0.0	644
a843a8bc1896ede83de1d8fd120cb857	FLASV3583.1460	98.128	374	7	0	1	374	501	874	0.0	644
a843a8bc1896ede83de1d8fd120cb857	FLASV3517.1460	98.128	374	7	0	1	374	501	874	0.0	644
a843a8bc1896ede83de1d8fd120cb857	FLASV2085.1460	98.128	374	7	0	1	374	501	874	0.0	644
a843a8bc1896ede83de1d8fd120cb857	FLASV1342.1460	98.128	374	7	0	1	374	501	874	0.0	644
a843a8bc1896ede83de1d8fd120cb857	FLASV1313.1460	98.128	374	7	0	1	374	501	874	0.0	644
a843a8bc1896ede83de1d8fd120cb857	FLASV577.1460	98.128	374	7	0	1	374	501	874	0.0	644
a843a8bc1896ede83de1d8fd120cb857	FLASV274.1460	98.128	374	7	0	1	374	501	874	0.0	644
a843a8bc1896ede83de1d8fd120cb857	FLASV173.1460	98.128	374	7	0	1	374	501	874	0.0	644
a843a8bc1896ede83de1d8fd120cb857	FLASV22964.1359	97.861	374	8	0	1	374	501	874	0.0	639
a843a8bc1896ede83de1d8fd120cb857	FLASV4869.1460	97.861	374	8	0	1	374	501	874	0.0	639
a843a8bc1896ede83de1d8fd120cb857	FLASV17445.1359	97.594	374	9	0	1	374	501	874	0.0	635
ba9bb635f646180f75e8ff876ac6c6e9	FLASV33014.1359	98.128	374	7	0	1	374	501	874	0.0	644
ba9bb635f646180f75e8ff876ac6c6e9	FLASV24939.1359	98.128	374	7	0	1	374	501	874	0.0	644
ba9bb635f646180f75e8ff876ac6c6e9	FLASV23512.1359	98.128	374	7	0	1	374	501	874	0.0	644
ba9bb635f646180f75e8ff876ac6c6e9	FLASV20496.1359	98.128	374	7	0	1	374	501	874	0.0	644
ba9bb635f646180f75e8ff876ac6c6e9	FLASV18099.1359	98.128	374	7	0	1	374	501	874	0.0	644
ba9bb635f646180f75e8ff876ac6c6e9	FLASV17482.1359	98.128	374	7	0	1	374	501	874	0.0	644
ba9bb635f646180f75e8ff876ac6c6e9	FLASV14578.1359	98.128	374	7	0	1	374	501	874	0.0	644
ba9bb635f646180f75e8ff876ac6c6e9	FLASV13182.1359	98.128	374	7	0	1	374	501	874	0.0	644
ba9bb635f646180f75e8ff876ac6c6e9	FLASV13143.1359	98.128	374	7	0	1	374	501	874	0.0	644
ba9bb635f646180f75e8ff876ac6c6e9	FLASV12756.1359	98.128	374	7	0	1	374	501	874	0.0	644
ba9bb635f646180f75e8ff876ac6c6e9	FLASV12691.1359	98.128	374	7	0	1	374	501	874	0.0	644
ba9bb635f646180f75e8ff876ac6c6e9	FLASV11720.1359	98.128	374	7	0	1	374	501	874	0.0	644
ba9bb635f646180f75e8ff876ac6c6e9	FLASV11403.1359	98.128	374	7	0	1	374	501	874	0.0	644
ba9bb635f646180f75e8ff876ac6c6e9	FLASV10889.1359	98.128	374	7	0	1	374	501	874	0.0	644
ba9bb635f646180f75e8ff876ac6c6e9	FLASV10455.1359	98.128	374	7	0	1	374	501	874	0.0	644
ba9bb635f646180f75e8ff876ac6c6e9	FLASV10450.1359	98.128	374	7	0	1	374	501	874	0.0	644
ba9bb635f646180f75e8ff876ac6c6e9	FLASV10012.1359	98.128	374	7	0	1	374	501	874	0.0	644
ba9bb635f646180f75e8ff876ac6c6e9	FLASV9867.1359	98.128	374	7	0	1	374	501	874	0.0	644
ba9bb635f646180f75e8ff876ac6c6e9	FLASV9852.1359	98.128	374	7	0	1	374	501	874	0.0	644
ba9bb635f646180f75e8ff876ac6c6e9	FLASV9692.1359	98.128	374	7	0	1	374	501	874	0.0	644
ba9bb635f646180f75e8ff876ac6c6e9	FLASV9671.1359	98.128	374	7	0	1	374	501	874	0.0	644
ba9bb635f646180f75e8ff876ac6c6e9	FLASV9624.1359	98.128	374	7	0	1	374	501	874	0.0	644
ba9bb635f646180f75e8ff876ac6c6e9	FLASV9253.1460	98.128	374	7	0	1	374	501	874	0.0	644
ba9bb635f646180f75e8ff876ac6c6e9	FLASV6042.1460	98.128	374	7	0	1	374	501	874	0.0	644
ba9bb635f646180f75e8ff876ac6c6e9	FLASV5831.1460	98.128	374	7	0	1	374	501	874	0.0	644
ba9bb635f646180f75e8ff876ac6c6e9	FLASV4647.1460	98.128	374	7	0	1	374	501	874	0.0	644
ba9bb635f646180f75e8ff876ac6c6e9	FLASV4396.1460	98.128	374	7	0	1	374	501	874	0.0	644
ba9bb635f646180f75e8ff876ac6c6e9	FLASV4308.1460	98.128	374	7	0	1	374	501	874	0.0	644
ba9bb635f646180f75e8ff876ac6c6e9	FLASV4246.1460	98.128	374	7	0	1	374	501	874	0.0	644
ba9bb635f646180f75e8ff876ac6c6e9	FLASV3583.1460	98.128	374	7	0	1	374	501	874	0.0	644
ba9bb635f646180f75e8ff876ac6c6e9	FLASV3517.1460	98.128	374	7	0	1	374	501	874	0.0	644
ba9bb635f646180f75e8ff876ac6c6e9	FLASV2085.1460	98.128	374	7	0	1	374	501	874	0.0	644
ba9bb635f646180f75e8ff876ac6c6e9	FLASV1342.1460	98.128	374	7	0	1	374	501	874	0.0	644
ba9bb635f646180f75e8ff876ac6c6e9	FLASV1313.1460	98.128	374	7	0	1	374	501	874	0.0	644
ba9bb635f646180f75e8ff876ac6c6e9	FLASV577.1460	98.128	374	7	0	1	374	501	874	0.0	644
ba9bb635f646180f75e8ff876ac6c6e9	FLASV274.1460	98.128	374	7	0	1	374	501	874	0.0	644
ba9bb635f646180f75e8ff876ac6c6e9	FLASV173.1460	98.128	374	7	0	1	374	501	874	0.0	644
ba9bb635f646180f75e8ff876ac6c6e9	FLASV88757.1359	97.861	374	8	0	1	374	501	874	0.0	639
ba9bb635f646180f75e8ff876ac6c6e9	FLASV87920.1359	97.861	374	8	0	1	374	501	874	0.0	639
ba9bb635f646180f75e8ff876ac6c6e9	FLASV22964.1359	97.861	374	8	0	1	374	501	874	0.0	639
ba9bb635f646180f75e8ff876ac6c6e9	FLASV4869.1460	97.861	374	8	0	1	374	501	874	0.0	639
ba9bb635f646180f75e8ff876ac6c6e9	FLASV17445.1359	97.594	374	9	0	1	374	501	874	0.0	635
2feeff5df84be3663d48db014a1c9ac8	FLASV88757.1359	97.594	374	9	0	1	374	501	874	0.0	635
2feeff5df84be3663d48db014a1c9ac8	FLASV87920.1359	97.594	374	9	0	1	374	501	874	0.0	635
2feeff5df84be3663d48db014a1c9ac8	FLASV33014.1359	97.326	374	10	0	1	374	501	874	0.0	630
2feeff5df84be3663d48db014a1c9ac8	FLASV24939.1359	97.326	374	10	0	1	374	501	874	0.0	630
2feeff5df84be3663d48db014a1c9ac8	FLASV23512.1359	97.326	374	10	0	1	374	501	874	0.0	630
2feeff5df84be3663d48db014a1c9ac8	FLASV20496.1359	97.326	374	10	0	1	374	501	874	0.0	630
2feeff5df84be3663d48db014a1c9ac8	FLASV18099.1359	97.326	374	10	0	1	374	501	874	0.0	630
2feeff5df84be3663d48db014a1c9ac8	FLASV17482.1359	97.326	374	10	0	1	374	501	874	0.0	630
2feeff5df84be3663d48db014a1c9ac8	FLASV17445.1359	97.326	374	10	0	1	374	501	874	0.0	630
2feeff5df84be3663d48db014a1c9ac8	FLASV14578.1359	97.326	374	10	0	1	374	501	874	0.0	630
2feeff5df84be3663d48db014a1c9ac8	FLASV13182.1359	97.326	374	10	0	1	374	501	874	0.0	630
2feeff5df84be3663d48db014a1c9ac8	FLASV13143.1359	97.326	374	10	0	1	374	501	874	0.0	630
2feeff5df84be3663d48db014a1c9ac8	FLASV12756.1359	97.326	374	10	0	1	374	501	874	0.0	630
2feeff5df84be3663d48db014a1c9ac8	FLASV12691.1359	97.326	374	10	0	1	374	501	874	0.0	630
2feeff5df84be3663d48db014a1c9ac8	FLASV11720.1359	97.326	374	10	0	1	374	501	874	0.0	630
2feeff5df84be3663d48db014a1c9ac8	FLASV11403.1359	97.326	374	10	0	1	374	501	874	0.0	630
2feeff5df84be3663d48db014a1c9ac8	FLASV10889.1359	97.326	374	10	0	1	374	501	874	0.0	630
2feeff5df84be3663d48db014a1c9ac8	FLASV10455.1359	97.326	374	10	0	1	374	501	874	0.0	630
2feeff5df84be3663d48db014a1c9ac8	FLASV10450.1359	97.326	374	10	0	1	374	501	874	0.0	630
2feeff5df84be3663d48db014a1c9ac8	FLASV10012.1359	97.326	374	10	0	1	374	501	874	0.0	630
2feeff5df84be3663d48db014a1c9ac8	FLASV9867.1359	97.326	374	10	0	1	374	501	874	0.0	630
2feeff5df84be3663d48db014a1c9ac8	FLASV9852.1359	97.326	374	10	0	1	374	501	874	0.0	630
2feeff5df84be3663d48db014a1c9ac8	FLASV9692.1359	97.326	374	10	0	1	374	501	874	0.0	630
2feeff5df84be3663d48db014a1c9ac8	FLASV9671.1359	97.326	374	10	0	1	374	501	874	0.0	630
2feeff5df84be3663d48db014a1c9ac8	FLASV9624.1359	97.326	374	10	0	1	374	501	874	0.0	630
2feeff5df84be3663d48db014a1c9ac8	FLASV9253.1460	97.326	374	10	0	1	374	501	874	0.0	630
2feeff5df84be3663d48db014a1c9ac8	FLASV6042.1460	97.326	374	10	0	1	374	501	874	0.0	630
2feeff5df84be3663d48db014a1c9ac8	FLASV5831.1460	97.326	374	10	0	1	374	501	874	0.0	630
2feeff5df84be3663d48db014a1c9ac8	FLASV4647.1460	97.326	374	10	0	1	374	501	874	0.0	630
2feeff5df84be3663d48db014a1c9ac8	FLASV4396.1460	97.326	374	10	0	1	374	501	874	0.0	630
2feeff5df84be3663d48db014a1c9ac8	FLASV4308.1460	97.326	374	10	0	1	374	501	874	0.0	630
2feeff5df84be3663d48db014a1c9ac8	FLASV4246.1460	97.326	374	10	0	1	374	501	874	0.0	630
2feeff5df84be3663d48db014a1c9ac8	FLASV3583.1460	97.326	374	10	0	1	374	501	874	0.0	630
2feeff5df84be3663d48db014a1c9ac8	FLASV3517.1460	97.326	374	10	0	1	374	501	874	0.0	630
2feeff5df84be3663d48db014a1c9ac8	FLASV2085.1460	97.326	374	10	0	1	374	501	874	0.0	630
2feeff5df84be3663d48db014a1c9ac8	FLASV1342.1460	97.326	374	10	0	1	374	501	874	0.0	630
2feeff5df84be3663d48db014a1c9ac8	FLASV1313.1460	97.326	374	10	0	1	374	501	874	0.0	630
2feeff5df84be3663d48db014a1c9ac8	FLASV577.1460	97.326	374	10	0	1	374	501	874	0.0	630
2feeff5df84be3663d48db014a1c9ac8	FLASV274.1460	97.326	374	10	0	1	374	501	874	0.0	630
2feeff5df84be3663d48db014a1c9ac8	FLASV173.1460	97.326	374	10	0	1	374	501	874	0.0	630
2feeff5df84be3663d48db014a1c9ac8	FLASV22964.1359	97.059	374	11	0	1	374	501	874	0.0	626
2feeff5df84be3663d48db014a1c9ac8	FLASV4869.1460	97.059	374	11	0	1	374	501	874	0.0	626
81ea3122058b5d513b765d6a10f4c38c	FLASV88757.1359	97.326	374	10	0	1	374	501	874	0.0	630
81ea3122058b5d513b765d6a10f4c38c	FLASV87920.1359	97.326	374	10	0	1	374	501	874	0.0	630
81ea3122058b5d513b765d6a10f4c38c	FLASV33014.1359	97.059	374	11	0	1	374	501	874	0.0	626
81ea3122058b5d513b765d6a10f4c38c	FLASV24939.1359	97.059	374	11	0	1	374	501	874	0.0	626
81ea3122058b5d513b765d6a10f4c38c	FLASV23512.1359	97.059	374	11	0	1	374	501	874	0.0	626
81ea3122058b5d513b765d6a10f4c38c	FLASV20496.1359	97.059	374	11	0	1	374	501	874	0.0	626
81ea3122058b5d513b765d6a10f4c38c	FLASV18099.1359	97.059	374	11	0	1	374	501	874	0.0	626
81ea3122058b5d513b765d6a10f4c38c	FLASV17482.1359	97.059	374	11	0	1	374	501	874	0.0	626
81ea3122058b5d513b765d6a10f4c38c	FLASV17445.1359	97.059	374	11	0	1	374	501	874	0.0	626
81ea3122058b5d513b765d6a10f4c38c	FLASV14578.1359	97.059	374	11	0	1	374	501	874	0.0	626
81ea3122058b5d513b765d6a10f4c38c	FLASV13182.1359	97.059	374	11	0	1	374	501	874	0.0	626
81ea3122058b5d513b765d6a10f4c38c	FLASV13143.1359	97.059	374	11	0	1	374	501	874	0.0	626
81ea3122058b5d513b765d6a10f4c38c	FLASV12756.1359	97.059	374	11	0	1	374	501	874	0.0	626
81ea3122058b5d513b765d6a10f4c38c	FLASV12691.1359	97.059	374	11	0	1	374	501	874	0.0	626
81ea3122058b5d513b765d6a10f4c38c	FLASV11720.1359	97.059	374	11	0	1	374	501	874	0.0	626
81ea3122058b5d513b765d6a10f4c38c	FLASV11403.1359	97.059	374	11	0	1	374	501	874	0.0	626
81ea3122058b5d513b765d6a10f4c38c	FLASV10889.1359	97.059	374	11	0	1	374	501	874	0.0	626
81ea3122058b5d513b765d6a10f4c38c	FLASV10455.1359	97.059	374	11	0	1	374	501	874	0.0	626
81ea3122058b5d513b765d6a10f4c38c	FLASV10450.1359	97.059	374	11	0	1	374	501	874	0.0	626
81ea3122058b5d513b765d6a10f4c38c	FLASV10012.1359	97.059	374	11	0	1	374	501	874	0.0	626
81ea3122058b5d513b765d6a10f4c38c	FLASV9867.1359	97.059	374	11	0	1	374	501	874	0.0	626
81ea3122058b5d513b765d6a10f4c38c	FLASV9852.1359	97.059	374	11	0	1	374	501	874	0.0	626
81ea3122058b5d513b765d6a10f4c38c	FLASV9692.1359	97.059	374	11	0	1	374	501	874	0.0	626
81ea3122058b5d513b765d6a10f4c38c	FLASV9671.1359	97.059	374	11	0	1	374	501	874	0.0	626
81ea3122058b5d513b765d6a10f4c38c	FLASV9624.1359	97.059	374	11	0	1	374	501	874	0.0	626
81ea3122058b5d513b765d6a10f4c38c	FLASV9253.1460	97.059	374	11	0	1	374	501	874	0.0	626
81ea3122058b5d513b765d6a10f4c38c	FLASV6042.1460	97.059	374	11	0	1	374	501	874	0.0	626
81ea3122058b5d513b765d6a10f4c38c	FLASV5831.1460	97.059	374	11	0	1	374	501	874	0.0	626
81ea3122058b5d513b765d6a10f4c38c	FLASV4647.1460	97.059	374	11	0	1	374	501	874	0.0	626
81ea3122058b5d513b765d6a10f4c38c	FLASV4396.1460	97.059	374	11	0	1	374	501	874	0.0	626
81ea3122058b5d513b765d6a10f4c38c	FLASV4308.1460	97.059	374	11	0	1	374	501	874	0.0	626
81ea3122058b5d513b765d6a10f4c38c	FLASV4246.1460	97.059	374	11	0	1	374	501	874	0.0	626
81ea3122058b5d513b765d6a10f4c38c	FLASV3583.1460	97.059	374	11	0	1	374	501	874	0.0	626
81ea3122058b5d513b765d6a10f4c38c	FLASV3517.1460	97.059	374	11	0	1	374	501	874	0.0	626
81ea3122058b5d513b765d6a10f4c38c	FLASV2085.1460	97.059	374	11	0	1	374	501	874	0.0	626
81ea3122058b5d513b765d6a10f4c38c	FLASV1342.1460	97.059	374	11	0	1	374	501	874	0.0	626
81ea3122058b5d513b765d6a10f4c38c	FLASV1313.1460	97.059	374	11	0	1	374	501	874	0.0	626
81ea3122058b5d513b765d6a10f4c38c	FLASV577.1460	97.059	374	11	0	1	374	501	874	0.0	626
81ea3122058b5d513b765d6a10f4c38c	FLASV274.1460	97.059	374	11	0	1	374	501	874	0.0	626
81ea3122058b5d513b765d6a10f4c38c	FLASV173.1460	97.059	374	11	0	1	374	501	874	0.0	626
81ea3122058b5d513b765d6a10f4c38c	FLASV22964.1359	96.791	374	12	0	1	374	501	874	1.52e-180	621
81ea3122058b5d513b765d6a10f4c38c	FLASV4869.1460	96.791	374	12	0	1	374	501	874	1.52e-180	621
0528c8d6cf081ba719cf96cb550150fb	FLASV88757.1359	97.861	374	8	0	1	374	501	874	0.0	639
0528c8d6cf081ba719cf96cb550150fb	FLASV87920.1359	97.861	374	8	0	1	374	501	874	0.0	639
0528c8d6cf081ba719cf96cb550150fb	FLASV33014.1359	97.594	374	9	0	1	374	501	874	0.0	635
0528c8d6cf081ba719cf96cb550150fb	FLASV24939.1359	97.594	374	9	0	1	374	501	874	0.0	635
0528c8d6cf081ba719cf96cb550150fb	FLASV23512.1359	97.594	374	9	0	1	374	501	874	0.0	635
0528c8d6cf081ba719cf96cb550150fb	FLASV20496.1359	97.594	374	9	0	1	374	501	874	0.0	635
0528c8d6cf081ba719cf96cb550150fb	FLASV18099.1359	97.594	374	9	0	1	374	501	874	0.0	635
0528c8d6cf081ba719cf96cb550150fb	FLASV17482.1359	97.594	374	9	0	1	374	501	874	0.0	635
0528c8d6cf081ba719cf96cb550150fb	FLASV17445.1359	97.594	374	9	0	1	374	501	874	0.0	635
0528c8d6cf081ba719cf96cb550150fb	FLASV14578.1359	97.594	374	9	0	1	374	501	874	0.0	635
0528c8d6cf081ba719cf96cb550150fb	FLASV13182.1359	97.594	374	9	0	1	374	501	874	0.0	635
0528c8d6cf081ba719cf96cb550150fb	FLASV13143.1359	97.594	374	9	0	1	374	501	874	0.0	635
0528c8d6cf081ba719cf96cb550150fb	FLASV12756.1359	97.594	374	9	0	1	374	501	874	0.0	635
0528c8d6cf081ba719cf96cb550150fb	FLASV12691.1359	97.594	374	9	0	1	374	501	874	0.0	635
0528c8d6cf081ba719cf96cb550150fb	FLASV11720.1359	97.594	374	9	0	1	374	501	874	0.0	635
0528c8d6cf081ba719cf96cb550150fb	FLASV11403.1359	97.594	374	9	0	1	374	501	874	0.0	635
0528c8d6cf081ba719cf96cb550150fb	FLASV10889.1359	97.594	374	9	0	1	374	501	874	0.0	635
0528c8d6cf081ba719cf96cb550150fb	FLASV10455.1359	97.594	374	9	0	1	374	501	874	0.0	635
0528c8d6cf081ba719cf96cb550150fb	FLASV10450.1359	97.594	374	9	0	1	374	501	874	0.0	635
0528c8d6cf081ba719cf96cb550150fb	FLASV10012.1359	97.594	374	9	0	1	374	501	874	0.0	635
0528c8d6cf081ba719cf96cb550150fb	FLASV9867.1359	97.594	374	9	0	1	374	501	874	0.0	635
0528c8d6cf081ba719cf96cb550150fb	FLASV9852.1359	97.594	374	9	0	1	374	501	874	0.0	635
0528c8d6cf081ba719cf96cb550150fb	FLASV9692.1359	97.594	374	9	0	1	374	501	874	0.0	635
0528c8d6cf081ba719cf96cb550150fb	FLASV9671.1359	97.594	374	9	0	1	374	501	874	0.0	635
0528c8d6cf081ba719cf96cb550150fb	FLASV9624.1359	97.594	374	9	0	1	374	501	874	0.0	635
0528c8d6cf081ba719cf96cb550150fb	FLASV9253.1460	97.594	374	9	0	1	374	501	874	0.0	635
0528c8d6cf081ba719cf96cb550150fb	FLASV6042.1460	97.594	374	9	0	1	374	501	874	0.0	635
0528c8d6cf081ba719cf96cb550150fb	FLASV5831.1460	97.594	374	9	0	1	374	501	874	0.0	635
0528c8d6cf081ba719cf96cb550150fb	FLASV4647.1460	97.594	374	9	0	1	374	501	874	0.0	635
0528c8d6cf081ba719cf96cb550150fb	FLASV4396.1460	97.594	374	9	0	1	374	501	874	0.0	635
0528c8d6cf081ba719cf96cb550150fb	FLASV4308.1460	97.594	374	9	0	1	374	501	874	0.0	635
0528c8d6cf081ba719cf96cb550150fb	FLASV4246.1460	97.594	374	9	0	1	374	501	874	0.0	635
0528c8d6cf081ba719cf96cb550150fb	FLASV3583.1460	97.594	374	9	0	1	374	501	874	0.0	635
0528c8d6cf081ba719cf96cb550150fb	FLASV3517.1460	97.594	374	9	0	1	374	501	874	0.0	635
0528c8d6cf081ba719cf96cb550150fb	FLASV2085.1460	97.594	374	9	0	1	374	501	874	0.0	635
0528c8d6cf081ba719cf96cb550150fb	FLASV1342.1460	97.594	374	9	0	1	374	501	874	0.0	635
0528c8d6cf081ba719cf96cb550150fb	FLASV1313.1460	97.594	374	9	0	1	374	501	874	0.0	635
0528c8d6cf081ba719cf96cb550150fb	FLASV577.1460	97.594	374	9	0	1	374	501	874	0.0	635
0528c8d6cf081ba719cf96cb550150fb	FLASV274.1460	97.594	374	9	0	1	374	501	874	0.0	635
0528c8d6cf081ba719cf96cb550150fb	FLASV173.1460	97.594	374	9	0	1	374	501	874	0.0	635
0528c8d6cf081ba719cf96cb550150fb	FLASV22964.1359	97.326	374	10	0	1	374	501	874	0.0	630
0528c8d6cf081ba719cf96cb550150fb	FLASV4869.1460	97.326	374	10	0	1	374	501	874	0.0	630
694417dc9aa73f1b948e7270a4d7a9d4	FLASV88757.1359	97.059	374	11	0	1	374	501	874	0.0	626
694417dc9aa73f1b948e7270a4d7a9d4	FLASV87920.1359	97.059	374	11	0	1	374	501	874	0.0	626
694417dc9aa73f1b948e7270a4d7a9d4	FLASV33014.1359	96.791	374	12	0	1	374	501	874	1.52e-180	621
694417dc9aa73f1b948e7270a4d7a9d4	FLASV24939.1359	96.791	374	12	0	1	374	501	874	1.52e-180	621
694417dc9aa73f1b948e7270a4d7a9d4	FLASV23512.1359	96.791	374	12	0	1	374	501	874	1.52e-180	621
694417dc9aa73f1b948e7270a4d7a9d4	FLASV20496.1359	96.791	374	12	0	1	374	501	874	1.52e-180	621
694417dc9aa73f1b948e7270a4d7a9d4	FLASV18099.1359	96.791	374	12	0	1	374	501	874	1.52e-180	621
694417dc9aa73f1b948e7270a4d7a9d4	FLASV17482.1359	96.791	374	12	0	1	374	501	874	1.52e-180	621
694417dc9aa73f1b948e7270a4d7a9d4	FLASV17445.1359	96.791	374	12	0	1	374	501	874	1.52e-180	621
694417dc9aa73f1b948e7270a4d7a9d4	FLASV14578.1359	96.791	374	12	0	1	374	501	874	1.52e-180	621
694417dc9aa73f1b948e7270a4d7a9d4	FLASV13182.1359	96.791	374	12	0	1	374	501	874	1.52e-180	621
694417dc9aa73f1b948e7270a4d7a9d4	FLASV13143.1359	96.791	374	12	0	1	374	501	874	1.52e-180	621
694417dc9aa73f1b948e7270a4d7a9d4	FLASV12756.1359	96.791	374	12	0	1	374	501	874	1.52e-180	621
694417dc9aa73f1b948e7270a4d7a9d4	FLASV12691.1359	96.791	374	12	0	1	374	501	874	1.52e-180	621
694417dc9aa73f1b948e7270a4d7a9d4	FLASV11720.1359	96.791	374	12	0	1	374	501	874	1.52e-180	621
694417dc9aa73f1b948e7270a4d7a9d4	FLASV11403.1359	96.791	374	12	0	1	374	501	874	1.52e-180	621
694417dc9aa73f1b948e7270a4d7a9d4	FLASV10889.1359	96.791	374	12	0	1	374	501	874	1.52e-180	621
694417dc9aa73f1b948e7270a4d7a9d4	FLASV10455.1359	96.791	374	12	0	1	374	501	874	1.52e-180	621
694417dc9aa73f1b948e7270a4d7a9d4	FLASV10450.1359	96.791	374	12	0	1	374	501	874	1.52e-180	621
694417dc9aa73f1b948e7270a4d7a9d4	FLASV10012.1359	96.791	374	12	0	1	374	501	874	1.52e-180	621
694417dc9aa73f1b948e7270a4d7a9d4	FLASV9867.1359	96.791	374	12	0	1	374	501	874	1.52e-180	621
694417dc9aa73f1b948e7270a4d7a9d4	FLASV9852.1359	96.791	374	12	0	1	374	501	874	1.52e-180	621
694417dc9aa73f1b948e7270a4d7a9d4	FLASV9692.1359	96.791	374	12	0	1	374	501	874	1.52e-180	621
694417dc9aa73f1b948e7270a4d7a9d4	FLASV9671.1359	96.791	374	12	0	1	374	501	874	1.52e-180	621
694417dc9aa73f1b948e7270a4d7a9d4	FLASV9624.1359	96.791	374	12	0	1	374	501	874	1.52e-180	621
694417dc9aa73f1b948e7270a4d7a9d4	FLASV9253.1460	96.791	374	12	0	1	374	501	874	1.52e-180	621
694417dc9aa73f1b948e7270a4d7a9d4	FLASV6042.1460	96.791	374	12	0	1	374	501	874	1.52e-180	621
694417dc9aa73f1b948e7270a4d7a9d4	FLASV5831.1460	96.791	374	12	0	1	374	501	874	1.52e-180	621
694417dc9aa73f1b948e7270a4d7a9d4	FLASV4647.1460	96.791	374	12	0	1	374	501	874	1.52e-180	621
694417dc9aa73f1b948e7270a4d7a9d4	FLASV4396.1460	96.791	374	12	0	1	374	501	874	1.52e-180	621
694417dc9aa73f1b948e7270a4d7a9d4	FLASV4308.1460	96.791	374	12	0	1	374	501	874	1.52e-180	621
694417dc9aa73f1b948e7270a4d7a9d4	FLASV4246.1460	96.791	374	12	0	1	374	501	874	1.52e-180	621
694417dc9aa73f1b948e7270a4d7a9d4	FLASV3583.1460	96.791	374	12	0	1	374	501	874	1.52e-180	621
694417dc9aa73f1b948e7270a4d7a9d4	FLASV3517.1460	96.791	374	12	0	1	374	501	874	1.52e-180	621
694417dc9aa73f1b948e7270a4d7a9d4	FLASV2085.1460	96.791	374	12	0	1	374	501	874	1.52e-180	621
694417dc9aa73f1b948e7270a4d7a9d4	FLASV1342.1460	96.791	374	12	0	1	374	501	874	1.52e-180	621
694417dc9aa73f1b948e7270a4d7a9d4	FLASV1313.1460	96.791	374	12	0	1	374	501	874	1.52e-180	621
694417dc9aa73f1b948e7270a4d7a9d4	FLASV577.1460	96.791	374	12	0	1	374	501	874	1.52e-180	621
694417dc9aa73f1b948e7270a4d7a9d4	FLASV274.1460	96.791	374	12	0	1	374	501	874	1.52e-180	621
694417dc9aa73f1b948e7270a4d7a9d4	FLASV173.1460	96.791	374	12	0	1	374	501	874	1.52e-180	621
694417dc9aa73f1b948e7270a4d7a9d4	FLASV22964.1359	96.524	374	13	0	1	374	501	874	6.44e-179	617
694417dc9aa73f1b948e7270a4d7a9d4	FLASV4869.1460	96.524	374	13	0	1	374	501	874	6.44e-179	617
