2cdfd4eb9f47e15fc6518f62e3b61ea6	FLASV85936.1357	98.396	374	6	0	1	374	499	872	0.0	648
2cdfd4eb9f47e15fc6518f62e3b61ea6	FLASV82314.1359	98.396	374	6	0	1	374	501	874	0.0	648
2cdfd4eb9f47e15fc6518f62e3b61ea6	FLASV39180.1357	98.396	374	6	0	1	374	499	872	0.0	648
2cdfd4eb9f47e15fc6518f62e3b61ea6	FLASV19529.1357	98.396	374	6	0	1	374	499	872	0.0	648
2cdfd4eb9f47e15fc6518f62e3b61ea6	FLASV13397.1357	98.396	374	6	0	1	374	499	872	0.0	648
2cdfd4eb9f47e15fc6518f62e3b61ea6	FLASV1842.1458	98.396	374	6	0	1	374	499	872	0.0	648
2cdfd4eb9f47e15fc6518f62e3b61ea6	FLASV285.1458	98.396	374	6	0	1	374	499	872	0.0	648
2cdfd4eb9f47e15fc6518f62e3b61ea6	FLASV138.1458	98.396	374	6	0	1	374	499	872	0.0	648
2cdfd4eb9f47e15fc6518f62e3b61ea6	FLASV77239.1359	98.128	374	7	0	1	374	501	874	0.0	644
2cdfd4eb9f47e15fc6518f62e3b61ea6	FLASV73266.1357	98.128	374	7	0	1	374	499	872	0.0	644
2cdfd4eb9f47e15fc6518f62e3b61ea6	FLASV55063.1359	98.128	374	7	0	1	374	501	874	0.0	644
2cdfd4eb9f47e15fc6518f62e3b61ea6	FLASV53896.1359	98.128	374	7	0	1	374	501	874	0.0	644
2cdfd4eb9f47e15fc6518f62e3b61ea6	FLASV39884.1359	98.128	374	7	0	1	374	501	874	0.0	644
2cdfd4eb9f47e15fc6518f62e3b61ea6	FLASV33544.1359	98.128	374	7	0	1	374	501	874	0.0	644
2cdfd4eb9f47e15fc6518f62e3b61ea6	FLASV23596.1357	98.128	374	7	0	1	374	499	872	0.0	644
2cdfd4eb9f47e15fc6518f62e3b61ea6	FLASV13595.1359	98.128	374	7	0	1	374	501	874	0.0	644
2cdfd4eb9f47e15fc6518f62e3b61ea6	FLASV5567.1460	98.128	374	7	0	1	374	501	874	0.0	644
2cdfd4eb9f47e15fc6518f62e3b61ea6	FLASV4900.1458	98.128	374	7	0	1	374	499	872	0.0	644
2cdfd4eb9f47e15fc6518f62e3b61ea6	FLASV3669.1460	98.128	374	7	0	1	374	501	874	0.0	644
2cdfd4eb9f47e15fc6518f62e3b61ea6	FLASV2438.1460	98.128	374	7	0	1	374	501	874	0.0	644
2cdfd4eb9f47e15fc6518f62e3b61ea6	FLASV1275.1458	98.128	374	7	0	1	374	499	872	0.0	644
2cdfd4eb9f47e15fc6518f62e3b61ea6	FLASV1028.1460	98.128	374	7	0	1	374	501	874	0.0	644
2cdfd4eb9f47e15fc6518f62e3b61ea6	FLASV235.1460	98.128	374	7	0	1	374	501	874	0.0	644
2cdfd4eb9f47e15fc6518f62e3b61ea6	FLASV96.1460	98.128	374	7	0	1	374	501	874	0.0	644
2cdfd4eb9f47e15fc6518f62e3b61ea6	FLASV89300.1359	97.861	374	8	0	1	374	501	874	0.0	639
2cdfd4eb9f47e15fc6518f62e3b61ea6	FLASV50162.1357	97.861	374	8	0	1	374	499	872	0.0	639
2cdfd4eb9f47e15fc6518f62e3b61ea6	FLASV42254.1357	97.861	374	8	0	1	374	499	872	0.0	639
2cdfd4eb9f47e15fc6518f62e3b61ea6	FLASV31478.1357	97.861	374	8	0	1	374	499	872	0.0	639
2cdfd4eb9f47e15fc6518f62e3b61ea6	FLASV16276.1357	97.861	374	8	0	1	374	499	872	0.0	639
2cdfd4eb9f47e15fc6518f62e3b61ea6	FLASV6843.1458	97.861	374	8	0	1	374	499	872	0.0	639
2cdfd4eb9f47e15fc6518f62e3b61ea6	FLASV2811.1458	97.861	374	8	0	1	374	499	872	0.0	639
2cdfd4eb9f47e15fc6518f62e3b61ea6	FLASV10175.1357	97.594	374	9	0	1	374	499	872	0.0	635
2cdfd4eb9f47e15fc6518f62e3b61ea6	FLASV2498.1458	97.594	374	9	0	1	374	499	872	0.0	635
7bc1f6195a9f387db640ffba0a6b22ab	FLASV82314.1359	98.128	374	7	0	1	374	501	874	0.0	644
7bc1f6195a9f387db640ffba0a6b22ab	FLASV50162.1357	98.128	374	7	0	1	374	499	872	0.0	644
7bc1f6195a9f387db640ffba0a6b22ab	FLASV42254.1357	98.128	374	7	0	1	374	499	872	0.0	644
7bc1f6195a9f387db640ffba0a6b22ab	FLASV31478.1357	98.128	374	7	0	1	374	499	872	0.0	644
7bc1f6195a9f387db640ffba0a6b22ab	FLASV16276.1357	98.128	374	7	0	1	374	499	872	0.0	644
7bc1f6195a9f387db640ffba0a6b22ab	FLASV6843.1458	98.128	374	7	0	1	374	499	872	0.0	644
7bc1f6195a9f387db640ffba0a6b22ab	FLASV2811.1458	98.128	374	7	0	1	374	499	872	0.0	644
7bc1f6195a9f387db640ffba0a6b22ab	FLASV77239.1359	97.861	374	8	0	1	374	501	874	0.0	639
7bc1f6195a9f387db640ffba0a6b22ab	FLASV73266.1357	97.861	374	8	0	1	374	499	872	0.0	639
7bc1f6195a9f387db640ffba0a6b22ab	FLASV55063.1359	97.861	374	8	0	1	374	501	874	0.0	639
7bc1f6195a9f387db640ffba0a6b22ab	FLASV53896.1359	97.861	374	8	0	1	374	501	874	0.0	639
7bc1f6195a9f387db640ffba0a6b22ab	FLASV39884.1359	97.861	374	8	0	1	374	501	874	0.0	639
7bc1f6195a9f387db640ffba0a6b22ab	FLASV33544.1359	97.861	374	8	0	1	374	501	874	0.0	639
7bc1f6195a9f387db640ffba0a6b22ab	FLASV23596.1357	97.861	374	8	0	1	374	499	872	0.0	639
7bc1f6195a9f387db640ffba0a6b22ab	FLASV13595.1359	97.861	374	8	0	1	374	501	874	0.0	639
7bc1f6195a9f387db640ffba0a6b22ab	FLASV10175.1357	97.861	374	8	0	1	374	499	872	0.0	639
7bc1f6195a9f387db640ffba0a6b22ab	FLASV5567.1460	97.861	374	8	0	1	374	501	874	0.0	639
7bc1f6195a9f387db640ffba0a6b22ab	FLASV4900.1458	97.861	374	8	0	1	374	499	872	0.0	639
7bc1f6195a9f387db640ffba0a6b22ab	FLASV3669.1460	97.861	374	8	0	1	374	501	874	0.0	639
7bc1f6195a9f387db640ffba0a6b22ab	FLASV2498.1458	97.861	374	8	0	1	374	499	872	0.0	639
7bc1f6195a9f387db640ffba0a6b22ab	FLASV2438.1460	97.861	374	8	0	1	374	501	874	0.0	639
7bc1f6195a9f387db640ffba0a6b22ab	FLASV1275.1458	97.861	374	8	0	1	374	499	872	0.0	639
7bc1f6195a9f387db640ffba0a6b22ab	FLASV1028.1460	97.861	374	8	0	1	374	501	874	0.0	639
7bc1f6195a9f387db640ffba0a6b22ab	FLASV235.1460	97.861	374	8	0	1	374	501	874	0.0	639
7bc1f6195a9f387db640ffba0a6b22ab	FLASV96.1460	97.861	374	8	0	1	374	501	874	0.0	639
7bc1f6195a9f387db640ffba0a6b22ab	FLASV89300.1359	97.594	374	9	0	1	374	501	874	0.0	635
7bc1f6195a9f387db640ffba0a6b22ab	FLASV85936.1357	97.594	374	9	0	1	374	499	872	0.0	635
7bc1f6195a9f387db640ffba0a6b22ab	FLASV39180.1357	97.594	374	9	0	1	374	499	872	0.0	635
7bc1f6195a9f387db640ffba0a6b22ab	FLASV19529.1357	97.594	374	9	0	1	374	499	872	0.0	635
7bc1f6195a9f387db640ffba0a6b22ab	FLASV13397.1357	97.594	374	9	0	1	374	499	872	0.0	635
7bc1f6195a9f387db640ffba0a6b22ab	FLASV1842.1458	97.594	374	9	0	1	374	499	872	0.0	635
7bc1f6195a9f387db640ffba0a6b22ab	FLASV285.1458	97.594	374	9	0	1	374	499	872	0.0	635
7bc1f6195a9f387db640ffba0a6b22ab	FLASV138.1458	97.594	374	9	0	1	374	499	872	0.0	635
4634a43210e7d986b52dea2207bed80b	FLASV10175.1357	98.128	374	7	0	1	374	499	872	0.0	644
4634a43210e7d986b52dea2207bed80b	FLASV2498.1458	98.128	374	7	0	1	374	499	872	0.0	644
4634a43210e7d986b52dea2207bed80b	FLASV85936.1357	97.861	374	8	0	1	374	499	872	0.0	639
4634a43210e7d986b52dea2207bed80b	FLASV50162.1357	97.861	374	8	0	1	374	499	872	0.0	639
4634a43210e7d986b52dea2207bed80b	FLASV42254.1357	97.861	374	8	0	1	374	499	872	0.0	639
4634a43210e7d986b52dea2207bed80b	FLASV39180.1357	97.861	374	8	0	1	374	499	872	0.0	639
4634a43210e7d986b52dea2207bed80b	FLASV31478.1357	97.861	374	8	0	1	374	499	872	0.0	639
4634a43210e7d986b52dea2207bed80b	FLASV19529.1357	97.861	374	8	0	1	374	499	872	0.0	639
4634a43210e7d986b52dea2207bed80b	FLASV16276.1357	97.861	374	8	0	1	374	499	872	0.0	639
4634a43210e7d986b52dea2207bed80b	FLASV13397.1357	97.861	374	8	0	1	374	499	872	0.0	639
4634a43210e7d986b52dea2207bed80b	FLASV6843.1458	97.861	374	8	0	1	374	499	872	0.0	639
4634a43210e7d986b52dea2207bed80b	FLASV2811.1458	97.861	374	8	0	1	374	499	872	0.0	639
4634a43210e7d986b52dea2207bed80b	FLASV1842.1458	97.861	374	8	0	1	374	499	872	0.0	639
4634a43210e7d986b52dea2207bed80b	FLASV285.1458	97.861	374	8	0	1	374	499	872	0.0	639
4634a43210e7d986b52dea2207bed80b	FLASV138.1458	97.861	374	8	0	1	374	499	872	0.0	639
4634a43210e7d986b52dea2207bed80b	FLASV77239.1359	97.594	374	9	0	1	374	501	874	0.0	635
4634a43210e7d986b52dea2207bed80b	FLASV73266.1357	97.594	374	9	0	1	374	499	872	0.0	635
4634a43210e7d986b52dea2207bed80b	FLASV55063.1359	97.594	374	9	0	1	374	501	874	0.0	635
4634a43210e7d986b52dea2207bed80b	FLASV53896.1359	97.594	374	9	0	1	374	501	874	0.0	635
4634a43210e7d986b52dea2207bed80b	FLASV39884.1359	97.594	374	9	0	1	374	501	874	0.0	635
4634a43210e7d986b52dea2207bed80b	FLASV33544.1359	97.594	374	9	0	1	374	501	874	0.0	635
4634a43210e7d986b52dea2207bed80b	FLASV23596.1357	97.594	374	9	0	1	374	499	872	0.0	635
4634a43210e7d986b52dea2207bed80b	FLASV13595.1359	97.594	374	9	0	1	374	501	874	0.0	635
4634a43210e7d986b52dea2207bed80b	FLASV5567.1460	97.594	374	9	0	1	374	501	874	0.0	635
4634a43210e7d986b52dea2207bed80b	FLASV4900.1458	97.594	374	9	0	1	374	499	872	0.0	635
4634a43210e7d986b52dea2207bed80b	FLASV3669.1460	97.594	374	9	0	1	374	501	874	0.0	635
4634a43210e7d986b52dea2207bed80b	FLASV2438.1460	97.594	374	9	0	1	374	501	874	0.0	635
4634a43210e7d986b52dea2207bed80b	FLASV1275.1458	97.594	374	9	0	1	374	499	872	0.0	635
4634a43210e7d986b52dea2207bed80b	FLASV1028.1460	97.594	374	9	0	1	374	501	874	0.0	635
4634a43210e7d986b52dea2207bed80b	FLASV235.1460	97.594	374	9	0	1	374	501	874	0.0	635
4634a43210e7d986b52dea2207bed80b	FLASV96.1460	97.594	374	9	0	1	374	501	874	0.0	635
4634a43210e7d986b52dea2207bed80b	FLASV89300.1359	97.326	374	10	0	1	374	501	874	0.0	630
4634a43210e7d986b52dea2207bed80b	FLASV82314.1359	97.326	374	10	0	1	374	501	874	0.0	630
56de9f39ed1fcd41057cef79f44af687	FLASV10175.1357	97.861	374	8	0	1	374	499	872	0.0	639
56de9f39ed1fcd41057cef79f44af687	FLASV2498.1458	97.861	374	8	0	1	374	499	872	0.0	639
56de9f39ed1fcd41057cef79f44af687	FLASV85936.1357	97.059	374	11	0	1	374	499	872	0.0	626
56de9f39ed1fcd41057cef79f44af687	FLASV82314.1359	97.059	374	11	0	1	374	501	874	0.0	626
56de9f39ed1fcd41057cef79f44af687	FLASV50162.1357	97.059	374	11	0	1	374	499	872	0.0	626
56de9f39ed1fcd41057cef79f44af687	FLASV42254.1357	97.059	374	11	0	1	374	499	872	0.0	626
56de9f39ed1fcd41057cef79f44af687	FLASV39180.1357	97.059	374	11	0	1	374	499	872	0.0	626
56de9f39ed1fcd41057cef79f44af687	FLASV31478.1357	97.059	374	11	0	1	374	499	872	0.0	626
56de9f39ed1fcd41057cef79f44af687	FLASV19529.1357	97.059	374	11	0	1	374	499	872	0.0	626
56de9f39ed1fcd41057cef79f44af687	FLASV16276.1357	97.059	374	11	0	1	374	499	872	0.0	626
56de9f39ed1fcd41057cef79f44af687	FLASV13397.1357	97.059	374	11	0	1	374	499	872	0.0	626
56de9f39ed1fcd41057cef79f44af687	FLASV6843.1458	97.059	374	11	0	1	374	499	872	0.0	626
56de9f39ed1fcd41057cef79f44af687	FLASV2811.1458	97.059	374	11	0	1	374	499	872	0.0	626
56de9f39ed1fcd41057cef79f44af687	FLASV1842.1458	97.059	374	11	0	1	374	499	872	0.0	626
56de9f39ed1fcd41057cef79f44af687	FLASV285.1458	97.059	374	11	0	1	374	499	872	0.0	626
56de9f39ed1fcd41057cef79f44af687	FLASV138.1458	97.059	374	11	0	1	374	499	872	0.0	626
56de9f39ed1fcd41057cef79f44af687	FLASV77239.1359	96.791	374	12	0	1	374	501	874	1.19e-180	621
56de9f39ed1fcd41057cef79f44af687	FLASV73266.1357	96.791	374	12	0	1	374	499	872	1.19e-180	621
56de9f39ed1fcd41057cef79f44af687	FLASV55063.1359	96.791	374	12	0	1	374	501	874	1.19e-180	621
56de9f39ed1fcd41057cef79f44af687	FLASV53896.1359	96.791	374	12	0	1	374	501	874	1.19e-180	621
56de9f39ed1fcd41057cef79f44af687	FLASV39884.1359	96.791	374	12	0	1	374	501	874	1.19e-180	621
56de9f39ed1fcd41057cef79f44af687	FLASV33544.1359	96.791	374	12	0	1	374	501	874	1.19e-180	621
56de9f39ed1fcd41057cef79f44af687	FLASV23596.1357	96.791	374	12	0	1	374	499	872	1.19e-180	621
56de9f39ed1fcd41057cef79f44af687	FLASV13595.1359	96.791	374	12	0	1	374	501	874	1.19e-180	621
56de9f39ed1fcd41057cef79f44af687	FLASV5567.1460	96.791	374	12	0	1	374	501	874	1.19e-180	621
56de9f39ed1fcd41057cef79f44af687	FLASV4900.1458	96.791	374	12	0	1	374	499	872	1.19e-180	621
56de9f39ed1fcd41057cef79f44af687	FLASV3669.1460	96.791	374	12	0	1	374	501	874	1.19e-180	621
56de9f39ed1fcd41057cef79f44af687	FLASV2438.1460	96.791	374	12	0	1	374	501	874	1.19e-180	621
56de9f39ed1fcd41057cef79f44af687	FLASV1275.1458	96.791	374	12	0	1	374	499	872	1.19e-180	621
56de9f39ed1fcd41057cef79f44af687	FLASV1028.1460	96.791	374	12	0	1	374	501	874	1.19e-180	621
56de9f39ed1fcd41057cef79f44af687	FLASV235.1460	96.791	374	12	0	1	374	501	874	1.19e-180	621
56de9f39ed1fcd41057cef79f44af687	FLASV96.1460	96.791	374	12	0	1	374	501	874	1.19e-180	621
56de9f39ed1fcd41057cef79f44af687	FLASV89300.1359	96.524	374	13	0	1	374	501	874	5.08e-179	617
8717744be592c8beffade9c24a1887b2	FLASV82314.1359	99.198	374	3	0	1	374	501	874	0.0	662
8717744be592c8beffade9c24a1887b2	FLASV77239.1359	98.930	374	4	0	1	374	501	874	0.0	657
8717744be592c8beffade9c24a1887b2	FLASV73266.1357	98.930	374	4	0	1	374	499	872	0.0	657
8717744be592c8beffade9c24a1887b2	FLASV55063.1359	98.930	374	4	0	1	374	501	874	0.0	657
8717744be592c8beffade9c24a1887b2	FLASV53896.1359	98.930	374	4	0	1	374	501	874	0.0	657
8717744be592c8beffade9c24a1887b2	FLASV39884.1359	98.930	374	4	0	1	374	501	874	0.0	657
8717744be592c8beffade9c24a1887b2	FLASV33544.1359	98.930	374	4	0	1	374	501	874	0.0	657
8717744be592c8beffade9c24a1887b2	FLASV23596.1357	98.930	374	4	0	1	374	499	872	0.0	657
8717744be592c8beffade9c24a1887b2	FLASV13595.1359	98.930	374	4	0	1	374	501	874	0.0	657
8717744be592c8beffade9c24a1887b2	FLASV5567.1460	98.930	374	4	0	1	374	501	874	0.0	657
8717744be592c8beffade9c24a1887b2	FLASV4900.1458	98.930	374	4	0	1	374	499	872	0.0	657
8717744be592c8beffade9c24a1887b2	FLASV3669.1460	98.930	374	4	0	1	374	501	874	0.0	657
8717744be592c8beffade9c24a1887b2	FLASV2438.1460	98.930	374	4	0	1	374	501	874	0.0	657
8717744be592c8beffade9c24a1887b2	FLASV1275.1458	98.930	374	4	0	1	374	499	872	0.0	657
8717744be592c8beffade9c24a1887b2	FLASV1028.1460	98.930	374	4	0	1	374	501	874	0.0	657
8717744be592c8beffade9c24a1887b2	FLASV235.1460	98.930	374	4	0	1	374	501	874	0.0	657
8717744be592c8beffade9c24a1887b2	FLASV96.1460	98.930	374	4	0	1	374	501	874	0.0	657
8717744be592c8beffade9c24a1887b2	FLASV89300.1359	98.663	374	5	0	1	374	501	874	0.0	653
8717744be592c8beffade9c24a1887b2	FLASV85936.1357	98.663	374	5	0	1	374	499	872	0.0	653
8717744be592c8beffade9c24a1887b2	FLASV50162.1357	98.663	374	5	0	1	374	499	872	0.0	653
8717744be592c8beffade9c24a1887b2	FLASV42254.1357	98.663	374	5	0	1	374	499	872	0.0	653
8717744be592c8beffade9c24a1887b2	FLASV39180.1357	98.663	374	5	0	1	374	499	872	0.0	653
8717744be592c8beffade9c24a1887b2	FLASV31478.1357	98.663	374	5	0	1	374	499	872	0.0	653
8717744be592c8beffade9c24a1887b2	FLASV19529.1357	98.663	374	5	0	1	374	499	872	0.0	653
8717744be592c8beffade9c24a1887b2	FLASV16276.1357	98.663	374	5	0	1	374	499	872	0.0	653
8717744be592c8beffade9c24a1887b2	FLASV13397.1357	98.663	374	5	0	1	374	499	872	0.0	653
8717744be592c8beffade9c24a1887b2	FLASV6843.1458	98.663	374	5	0	1	374	499	872	0.0	653
8717744be592c8beffade9c24a1887b2	FLASV2811.1458	98.663	374	5	0	1	374	499	872	0.0	653
8717744be592c8beffade9c24a1887b2	FLASV1842.1458	98.663	374	5	0	1	374	499	872	0.0	653
8717744be592c8beffade9c24a1887b2	FLASV285.1458	98.663	374	5	0	1	374	499	872	0.0	653
8717744be592c8beffade9c24a1887b2	FLASV138.1458	98.663	374	5	0	1	374	499	872	0.0	653
8717744be592c8beffade9c24a1887b2	FLASV10175.1357	98.396	374	6	0	1	374	499	872	0.0	648
8717744be592c8beffade9c24a1887b2	FLASV2498.1458	98.396	374	6	0	1	374	499	872	0.0	648
aa00ac44a18d5cfe172c55e288fec853	FLASV82314.1359	98.930	374	4	0	1	374	501	874	0.0	657
aa00ac44a18d5cfe172c55e288fec853	FLASV77239.1359	98.663	374	5	0	1	374	501	874	0.0	653
aa00ac44a18d5cfe172c55e288fec853	FLASV73266.1357	98.663	374	5	0	1	374	499	872	0.0	653
aa00ac44a18d5cfe172c55e288fec853	FLASV55063.1359	98.663	374	5	0	1	374	501	874	0.0	653
aa00ac44a18d5cfe172c55e288fec853	FLASV53896.1359	98.663	374	5	0	1	374	501	874	0.0	653
aa00ac44a18d5cfe172c55e288fec853	FLASV39884.1359	98.663	374	5	0	1	374	501	874	0.0	653
aa00ac44a18d5cfe172c55e288fec853	FLASV33544.1359	98.663	374	5	0	1	374	501	874	0.0	653
aa00ac44a18d5cfe172c55e288fec853	FLASV23596.1357	98.663	374	5	0	1	374	499	872	0.0	653
aa00ac44a18d5cfe172c55e288fec853	FLASV13595.1359	98.663	374	5	0	1	374	501	874	0.0	653
aa00ac44a18d5cfe172c55e288fec853	FLASV5567.1460	98.663	374	5	0	1	374	501	874	0.0	653
aa00ac44a18d5cfe172c55e288fec853	FLASV4900.1458	98.663	374	5	0	1	374	499	872	0.0	653
aa00ac44a18d5cfe172c55e288fec853	FLASV3669.1460	98.663	374	5	0	1	374	501	874	0.0	653
aa00ac44a18d5cfe172c55e288fec853	FLASV2438.1460	98.663	374	5	0	1	374	501	874	0.0	653
aa00ac44a18d5cfe172c55e288fec853	FLASV1275.1458	98.663	374	5	0	1	374	499	872	0.0	653
aa00ac44a18d5cfe172c55e288fec853	FLASV1028.1460	98.663	374	5	0	1	374	501	874	0.0	653
aa00ac44a18d5cfe172c55e288fec853	FLASV235.1460	98.663	374	5	0	1	374	501	874	0.0	653
aa00ac44a18d5cfe172c55e288fec853	FLASV96.1460	98.663	374	5	0	1	374	501	874	0.0	653
aa00ac44a18d5cfe172c55e288fec853	FLASV89300.1359	98.396	374	6	0	1	374	501	874	0.0	648
aa00ac44a18d5cfe172c55e288fec853	FLASV85936.1357	98.396	374	6	0	1	374	499	872	0.0	648
aa00ac44a18d5cfe172c55e288fec853	FLASV50162.1357	98.396	374	6	0	1	374	499	872	0.0	648
aa00ac44a18d5cfe172c55e288fec853	FLASV42254.1357	98.396	374	6	0	1	374	499	872	0.0	648
aa00ac44a18d5cfe172c55e288fec853	FLASV39180.1357	98.396	374	6	0	1	374	499	872	0.0	648
aa00ac44a18d5cfe172c55e288fec853	FLASV31478.1357	98.396	374	6	0	1	374	499	872	0.0	648
aa00ac44a18d5cfe172c55e288fec853	FLASV19529.1357	98.396	374	6	0	1	374	499	872	0.0	648
aa00ac44a18d5cfe172c55e288fec853	FLASV16276.1357	98.396	374	6	0	1	374	499	872	0.0	648
aa00ac44a18d5cfe172c55e288fec853	FLASV13397.1357	98.396	374	6	0	1	374	499	872	0.0	648
aa00ac44a18d5cfe172c55e288fec853	FLASV6843.1458	98.396	374	6	0	1	374	499	872	0.0	648
aa00ac44a18d5cfe172c55e288fec853	FLASV2811.1458	98.396	374	6	0	1	374	499	872	0.0	648
aa00ac44a18d5cfe172c55e288fec853	FLASV1842.1458	98.396	374	6	0	1	374	499	872	0.0	648
aa00ac44a18d5cfe172c55e288fec853	FLASV285.1458	98.396	374	6	0	1	374	499	872	0.0	648
aa00ac44a18d5cfe172c55e288fec853	FLASV138.1458	98.396	374	6	0	1	374	499	872	0.0	648
aa00ac44a18d5cfe172c55e288fec853	FLASV10175.1357	98.128	374	7	0	1	374	499	872	0.0	644
aa00ac44a18d5cfe172c55e288fec853	FLASV2498.1458	98.128	374	7	0	1	374	499	872	0.0	644
bf469a346ae35929e6a1942cce432413	FLASV77239.1359	99.733	374	1	0	1	374	501	874	0.0	671
bf469a346ae35929e6a1942cce432413	FLASV73266.1357	99.733	374	1	0	1	374	499	872	0.0	671
bf469a346ae35929e6a1942cce432413	FLASV55063.1359	99.733	374	1	0	1	374	501	874	0.0	671
bf469a346ae35929e6a1942cce432413	FLASV53896.1359	99.733	374	1	0	1	374	501	874	0.0	671
bf469a346ae35929e6a1942cce432413	FLASV39884.1359	99.733	374	1	0	1	374	501	874	0.0	671
bf469a346ae35929e6a1942cce432413	FLASV33544.1359	99.733	374	1	0	1	374	501	874	0.0	671
bf469a346ae35929e6a1942cce432413	FLASV23596.1357	99.733	374	1	0	1	374	499	872	0.0	671
bf469a346ae35929e6a1942cce432413	FLASV13595.1359	99.733	374	1	0	1	374	501	874	0.0	671
bf469a346ae35929e6a1942cce432413	FLASV5567.1460	99.733	374	1	0	1	374	501	874	0.0	671
bf469a346ae35929e6a1942cce432413	FLASV4900.1458	99.733	374	1	0	1	374	499	872	0.0	671
bf469a346ae35929e6a1942cce432413	FLASV3669.1460	99.733	374	1	0	1	374	501	874	0.0	671
bf469a346ae35929e6a1942cce432413	FLASV2438.1460	99.733	374	1	0	1	374	501	874	0.0	671
bf469a346ae35929e6a1942cce432413	FLASV1275.1458	99.733	374	1	0	1	374	499	872	0.0	671
bf469a346ae35929e6a1942cce432413	FLASV1028.1460	99.733	374	1	0	1	374	501	874	0.0	671
bf469a346ae35929e6a1942cce432413	FLASV235.1460	99.733	374	1	0	1	374	501	874	0.0	671
bf469a346ae35929e6a1942cce432413	FLASV96.1460	99.733	374	1	0	1	374	501	874	0.0	671
bf469a346ae35929e6a1942cce432413	FLASV89300.1359	99.465	374	2	0	1	374	501	874	0.0	666
bf469a346ae35929e6a1942cce432413	FLASV85936.1357	99.465	374	2	0	1	374	499	872	0.0	666
bf469a346ae35929e6a1942cce432413	FLASV82314.1359	99.465	374	2	0	1	374	501	874	0.0	666
bf469a346ae35929e6a1942cce432413	FLASV50162.1357	99.465	374	2	0	1	374	499	872	0.0	666
bf469a346ae35929e6a1942cce432413	FLASV42254.1357	99.465	374	2	0	1	374	499	872	0.0	666
bf469a346ae35929e6a1942cce432413	FLASV39180.1357	99.465	374	2	0	1	374	499	872	0.0	666
bf469a346ae35929e6a1942cce432413	FLASV31478.1357	99.465	374	2	0	1	374	499	872	0.0	666
bf469a346ae35929e6a1942cce432413	FLASV19529.1357	99.465	374	2	0	1	374	499	872	0.0	666
bf469a346ae35929e6a1942cce432413	FLASV16276.1357	99.465	374	2	0	1	374	499	872	0.0	666
bf469a346ae35929e6a1942cce432413	FLASV13397.1357	99.465	374	2	0	1	374	499	872	0.0	666
bf469a346ae35929e6a1942cce432413	FLASV6843.1458	99.465	374	2	0	1	374	499	872	0.0	666
bf469a346ae35929e6a1942cce432413	FLASV2811.1458	99.465	374	2	0	1	374	499	872	0.0	666
bf469a346ae35929e6a1942cce432413	FLASV1842.1458	99.465	374	2	0	1	374	499	872	0.0	666
bf469a346ae35929e6a1942cce432413	FLASV285.1458	99.465	374	2	0	1	374	499	872	0.0	666
bf469a346ae35929e6a1942cce432413	FLASV138.1458	99.465	374	2	0	1	374	499	872	0.0	666
bf469a346ae35929e6a1942cce432413	FLASV10175.1357	98.663	374	5	0	1	374	499	872	0.0	653
bf469a346ae35929e6a1942cce432413	FLASV2498.1458	98.663	374	5	0	1	374	499	872	0.0	653
14a0fd4aeff6e34a485000818abe3182	FLASV85936.1357	99.733	374	1	0	1	374	499	872	0.0	671
14a0fd4aeff6e34a485000818abe3182	FLASV82314.1359	99.733	374	1	0	1	374	501	874	0.0	671
14a0fd4aeff6e34a485000818abe3182	FLASV39180.1357	99.733	374	1	0	1	374	499	872	0.0	671
14a0fd4aeff6e34a485000818abe3182	FLASV19529.1357	99.733	374	1	0	1	374	499	872	0.0	671
14a0fd4aeff6e34a485000818abe3182	FLASV13397.1357	99.733	374	1	0	1	374	499	872	0.0	671
14a0fd4aeff6e34a485000818abe3182	FLASV1842.1458	99.733	374	1	0	1	374	499	872	0.0	671
14a0fd4aeff6e34a485000818abe3182	FLASV285.1458	99.733	374	1	0	1	374	499	872	0.0	671
14a0fd4aeff6e34a485000818abe3182	FLASV138.1458	99.733	374	1	0	1	374	499	872	0.0	671
14a0fd4aeff6e34a485000818abe3182	FLASV77239.1359	99.465	374	2	0	1	374	501	874	0.0	666
14a0fd4aeff6e34a485000818abe3182	FLASV73266.1357	99.465	374	2	0	1	374	499	872	0.0	666
14a0fd4aeff6e34a485000818abe3182	FLASV55063.1359	99.465	374	2	0	1	374	501	874	0.0	666
14a0fd4aeff6e34a485000818abe3182	FLASV53896.1359	99.465	374	2	0	1	374	501	874	0.0	666
14a0fd4aeff6e34a485000818abe3182	FLASV39884.1359	99.465	374	2	0	1	374	501	874	0.0	666
14a0fd4aeff6e34a485000818abe3182	FLASV33544.1359	99.465	374	2	0	1	374	501	874	0.0	666
14a0fd4aeff6e34a485000818abe3182	FLASV23596.1357	99.465	374	2	0	1	374	499	872	0.0	666
14a0fd4aeff6e34a485000818abe3182	FLASV13595.1359	99.465	374	2	0	1	374	501	874	0.0	666
14a0fd4aeff6e34a485000818abe3182	FLASV5567.1460	99.465	374	2	0	1	374	501	874	0.0	666
14a0fd4aeff6e34a485000818abe3182	FLASV4900.1458	99.465	374	2	0	1	374	499	872	0.0	666
14a0fd4aeff6e34a485000818abe3182	FLASV3669.1460	99.465	374	2	0	1	374	501	874	0.0	666
14a0fd4aeff6e34a485000818abe3182	FLASV2438.1460	99.465	374	2	0	1	374	501	874	0.0	666
14a0fd4aeff6e34a485000818abe3182	FLASV1275.1458	99.465	374	2	0	1	374	499	872	0.0	666
14a0fd4aeff6e34a485000818abe3182	FLASV1028.1460	99.465	374	2	0	1	374	501	874	0.0	666
14a0fd4aeff6e34a485000818abe3182	FLASV235.1460	99.465	374	2	0	1	374	501	874	0.0	666
14a0fd4aeff6e34a485000818abe3182	FLASV96.1460	99.465	374	2	0	1	374	501	874	0.0	666
14a0fd4aeff6e34a485000818abe3182	FLASV89300.1359	99.198	374	3	0	1	374	501	874	0.0	662
14a0fd4aeff6e34a485000818abe3182	FLASV50162.1357	99.198	374	3	0	1	374	499	872	0.0	662
14a0fd4aeff6e34a485000818abe3182	FLASV42254.1357	99.198	374	3	0	1	374	499	872	0.0	662
14a0fd4aeff6e34a485000818abe3182	FLASV31478.1357	99.198	374	3	0	1	374	499	872	0.0	662
14a0fd4aeff6e34a485000818abe3182	FLASV16276.1357	99.198	374	3	0	1	374	499	872	0.0	662
14a0fd4aeff6e34a485000818abe3182	FLASV6843.1458	99.198	374	3	0	1	374	499	872	0.0	662
14a0fd4aeff6e34a485000818abe3182	FLASV2811.1458	99.198	374	3	0	1	374	499	872	0.0	662
14a0fd4aeff6e34a485000818abe3182	FLASV10175.1357	98.930	374	4	0	1	374	499	872	0.0	657
14a0fd4aeff6e34a485000818abe3182	FLASV2498.1458	98.930	374	4	0	1	374	499	872	0.0	657
89c962e2643e3c9af6fa5614a3e57003	FLASV85936.1357	99.465	374	2	0	1	374	499	872	0.0	666
89c962e2643e3c9af6fa5614a3e57003	FLASV82314.1359	99.465	374	2	0	1	374	501	874	0.0	666
89c962e2643e3c9af6fa5614a3e57003	FLASV39180.1357	99.465	374	2	0	1	374	499	872	0.0	666
89c962e2643e3c9af6fa5614a3e57003	FLASV19529.1357	99.465	374	2	0	1	374	499	872	0.0	666
89c962e2643e3c9af6fa5614a3e57003	FLASV13397.1357	99.465	374	2	0	1	374	499	872	0.0	666
89c962e2643e3c9af6fa5614a3e57003	FLASV1842.1458	99.465	374	2	0	1	374	499	872	0.0	666
89c962e2643e3c9af6fa5614a3e57003	FLASV285.1458	99.465	374	2	0	1	374	499	872	0.0	666
89c962e2643e3c9af6fa5614a3e57003	FLASV138.1458	99.465	374	2	0	1	374	499	872	0.0	666
89c962e2643e3c9af6fa5614a3e57003	FLASV77239.1359	99.198	374	3	0	1	374	501	874	0.0	662
89c962e2643e3c9af6fa5614a3e57003	FLASV73266.1357	99.198	374	3	0	1	374	499	872	0.0	662
89c962e2643e3c9af6fa5614a3e57003	FLASV55063.1359	99.198	374	3	0	1	374	501	874	0.0	662
89c962e2643e3c9af6fa5614a3e57003	FLASV53896.1359	99.198	374	3	0	1	374	501	874	0.0	662
89c962e2643e3c9af6fa5614a3e57003	FLASV39884.1359	99.198	374	3	0	1	374	501	874	0.0	662
89c962e2643e3c9af6fa5614a3e57003	FLASV33544.1359	99.198	374	3	0	1	374	501	874	0.0	662
89c962e2643e3c9af6fa5614a3e57003	FLASV23596.1357	99.198	374	3	0	1	374	499	872	0.0	662
89c962e2643e3c9af6fa5614a3e57003	FLASV13595.1359	99.198	374	3	0	1	374	501	874	0.0	662
89c962e2643e3c9af6fa5614a3e57003	FLASV5567.1460	99.198	374	3	0	1	374	501	874	0.0	662
89c962e2643e3c9af6fa5614a3e57003	FLASV4900.1458	99.198	374	3	0	1	374	499	872	0.0	662
89c962e2643e3c9af6fa5614a3e57003	FLASV3669.1460	99.198	374	3	0	1	374	501	874	0.0	662
89c962e2643e3c9af6fa5614a3e57003	FLASV2438.1460	99.198	374	3	0	1	374	501	874	0.0	662
89c962e2643e3c9af6fa5614a3e57003	FLASV1275.1458	99.198	374	3	0	1	374	499	872	0.0	662
89c962e2643e3c9af6fa5614a3e57003	FLASV1028.1460	99.198	374	3	0	1	374	501	874	0.0	662
89c962e2643e3c9af6fa5614a3e57003	FLASV235.1460	99.198	374	3	0	1	374	501	874	0.0	662
89c962e2643e3c9af6fa5614a3e57003	FLASV96.1460	99.198	374	3	0	1	374	501	874	0.0	662
89c962e2643e3c9af6fa5614a3e57003	FLASV89300.1359	98.930	374	4	0	1	374	501	874	0.0	657
89c962e2643e3c9af6fa5614a3e57003	FLASV50162.1357	98.930	374	4	0	1	374	499	872	0.0	657
89c962e2643e3c9af6fa5614a3e57003	FLASV42254.1357	98.930	374	4	0	1	374	499	872	0.0	657
89c962e2643e3c9af6fa5614a3e57003	FLASV31478.1357	98.930	374	4	0	1	374	499	872	0.0	657
89c962e2643e3c9af6fa5614a3e57003	FLASV16276.1357	98.930	374	4	0	1	374	499	872	0.0	657
89c962e2643e3c9af6fa5614a3e57003	FLASV6843.1458	98.930	374	4	0	1	374	499	872	0.0	657
89c962e2643e3c9af6fa5614a3e57003	FLASV2811.1458	98.930	374	4	0	1	374	499	872	0.0	657
89c962e2643e3c9af6fa5614a3e57003	FLASV10175.1357	98.663	374	5	0	1	374	499	872	0.0	653
89c962e2643e3c9af6fa5614a3e57003	FLASV2498.1458	98.663	374	5	0	1	374	499	872	0.0	653
46f427850772ea89d6a06bafcf9a78a1	FLASV82314.1359	99.465	374	2	0	1	374	501	874	0.0	666
46f427850772ea89d6a06bafcf9a78a1	FLASV50162.1357	99.465	374	2	0	1	374	499	872	0.0	666
46f427850772ea89d6a06bafcf9a78a1	FLASV42254.1357	99.465	374	2	0	1	374	499	872	0.0	666
46f427850772ea89d6a06bafcf9a78a1	FLASV31478.1357	99.465	374	2	0	1	374	499	872	0.0	666
46f427850772ea89d6a06bafcf9a78a1	FLASV16276.1357	99.465	374	2	0	1	374	499	872	0.0	666
46f427850772ea89d6a06bafcf9a78a1	FLASV6843.1458	99.465	374	2	0	1	374	499	872	0.0	666
46f427850772ea89d6a06bafcf9a78a1	FLASV2811.1458	99.465	374	2	0	1	374	499	872	0.0	666
46f427850772ea89d6a06bafcf9a78a1	FLASV77239.1359	99.198	374	3	0	1	374	501	874	0.0	662
46f427850772ea89d6a06bafcf9a78a1	FLASV73266.1357	99.198	374	3	0	1	374	499	872	0.0	662
46f427850772ea89d6a06bafcf9a78a1	FLASV55063.1359	99.198	374	3	0	1	374	501	874	0.0	662
46f427850772ea89d6a06bafcf9a78a1	FLASV53896.1359	99.198	374	3	0	1	374	501	874	0.0	662
46f427850772ea89d6a06bafcf9a78a1	FLASV39884.1359	99.198	374	3	0	1	374	501	874	0.0	662
46f427850772ea89d6a06bafcf9a78a1	FLASV33544.1359	99.198	374	3	0	1	374	501	874	0.0	662
46f427850772ea89d6a06bafcf9a78a1	FLASV23596.1357	99.198	374	3	0	1	374	499	872	0.0	662
46f427850772ea89d6a06bafcf9a78a1	FLASV13595.1359	99.198	374	3	0	1	374	501	874	0.0	662
46f427850772ea89d6a06bafcf9a78a1	FLASV10175.1357	99.198	374	3	0	1	374	499	872	0.0	662
46f427850772ea89d6a06bafcf9a78a1	FLASV5567.1460	99.198	374	3	0	1	374	501	874	0.0	662
46f427850772ea89d6a06bafcf9a78a1	FLASV4900.1458	99.198	374	3	0	1	374	499	872	0.0	662
46f427850772ea89d6a06bafcf9a78a1	FLASV3669.1460	99.198	374	3	0	1	374	501	874	0.0	662
46f427850772ea89d6a06bafcf9a78a1	FLASV2498.1458	99.198	374	3	0	1	374	499	872	0.0	662
46f427850772ea89d6a06bafcf9a78a1	FLASV2438.1460	99.198	374	3	0	1	374	501	874	0.0	662
46f427850772ea89d6a06bafcf9a78a1	FLASV1275.1458	99.198	374	3	0	1	374	499	872	0.0	662
46f427850772ea89d6a06bafcf9a78a1	FLASV1028.1460	99.198	374	3	0	1	374	501	874	0.0	662
46f427850772ea89d6a06bafcf9a78a1	FLASV235.1460	99.198	374	3	0	1	374	501	874	0.0	662
46f427850772ea89d6a06bafcf9a78a1	FLASV96.1460	99.198	374	3	0	1	374	501	874	0.0	662
46f427850772ea89d6a06bafcf9a78a1	FLASV89300.1359	98.930	374	4	0	1	374	501	874	0.0	657
46f427850772ea89d6a06bafcf9a78a1	FLASV85936.1357	98.930	374	4	0	1	374	499	872	0.0	657
46f427850772ea89d6a06bafcf9a78a1	FLASV39180.1357	98.930	374	4	0	1	374	499	872	0.0	657
46f427850772ea89d6a06bafcf9a78a1	FLASV19529.1357	98.930	374	4	0	1	374	499	872	0.0	657
46f427850772ea89d6a06bafcf9a78a1	FLASV13397.1357	98.930	374	4	0	1	374	499	872	0.0	657
46f427850772ea89d6a06bafcf9a78a1	FLASV1842.1458	98.930	374	4	0	1	374	499	872	0.0	657
46f427850772ea89d6a06bafcf9a78a1	FLASV285.1458	98.930	374	4	0	1	374	499	872	0.0	657
46f427850772ea89d6a06bafcf9a78a1	FLASV138.1458	98.930	374	4	0	1	374	499	872	0.0	657
8a7375280adf8cd6889445a727753c68	FLASV10175.1357	100.000	374	0	0	1	374	499	872	0.0	675
8a7375280adf8cd6889445a727753c68	FLASV2498.1458	100.000	374	0	0	1	374	499	872	0.0	675
8a7375280adf8cd6889445a727753c68	FLASV82314.1359	99.198	374	3	0	1	374	501	874	0.0	662
8a7375280adf8cd6889445a727753c68	FLASV50162.1357	99.198	374	3	0	1	374	499	872	0.0	662
8a7375280adf8cd6889445a727753c68	FLASV42254.1357	99.198	374	3	0	1	374	499	872	0.0	662
8a7375280adf8cd6889445a727753c68	FLASV31478.1357	99.198	374	3	0	1	374	499	872	0.0	662
8a7375280adf8cd6889445a727753c68	FLASV16276.1357	99.198	374	3	0	1	374	499	872	0.0	662
8a7375280adf8cd6889445a727753c68	FLASV6843.1458	99.198	374	3	0	1	374	499	872	0.0	662
8a7375280adf8cd6889445a727753c68	FLASV2811.1458	99.198	374	3	0	1	374	499	872	0.0	662
8a7375280adf8cd6889445a727753c68	FLASV77239.1359	98.930	374	4	0	1	374	501	874	0.0	657
8a7375280adf8cd6889445a727753c68	FLASV73266.1357	98.930	374	4	0	1	374	499	872	0.0	657
8a7375280adf8cd6889445a727753c68	FLASV55063.1359	98.930	374	4	0	1	374	501	874	0.0	657
8a7375280adf8cd6889445a727753c68	FLASV53896.1359	98.930	374	4	0	1	374	501	874	0.0	657
8a7375280adf8cd6889445a727753c68	FLASV39884.1359	98.930	374	4	0	1	374	501	874	0.0	657
8a7375280adf8cd6889445a727753c68	FLASV33544.1359	98.930	374	4	0	1	374	501	874	0.0	657
8a7375280adf8cd6889445a727753c68	FLASV23596.1357	98.930	374	4	0	1	374	499	872	0.0	657
8a7375280adf8cd6889445a727753c68	FLASV13595.1359	98.930	374	4	0	1	374	501	874	0.0	657
8a7375280adf8cd6889445a727753c68	FLASV5567.1460	98.930	374	4	0	1	374	501	874	0.0	657
8a7375280adf8cd6889445a727753c68	FLASV4900.1458	98.930	374	4	0	1	374	499	872	0.0	657
8a7375280adf8cd6889445a727753c68	FLASV3669.1460	98.930	374	4	0	1	374	501	874	0.0	657
8a7375280adf8cd6889445a727753c68	FLASV2438.1460	98.930	374	4	0	1	374	501	874	0.0	657
8a7375280adf8cd6889445a727753c68	FLASV1275.1458	98.930	374	4	0	1	374	499	872	0.0	657
8a7375280adf8cd6889445a727753c68	FLASV1028.1460	98.930	374	4	0	1	374	501	874	0.0	657
8a7375280adf8cd6889445a727753c68	FLASV235.1460	98.930	374	4	0	1	374	501	874	0.0	657
8a7375280adf8cd6889445a727753c68	FLASV96.1460	98.930	374	4	0	1	374	501	874	0.0	657
8a7375280adf8cd6889445a727753c68	FLASV89300.1359	98.663	374	5	0	1	374	501	874	0.0	653
8a7375280adf8cd6889445a727753c68	FLASV85936.1357	98.663	374	5	0	1	374	499	872	0.0	653
8a7375280adf8cd6889445a727753c68	FLASV39180.1357	98.663	374	5	0	1	374	499	872	0.0	653
8a7375280adf8cd6889445a727753c68	FLASV19529.1357	98.663	374	5	0	1	374	499	872	0.0	653
8a7375280adf8cd6889445a727753c68	FLASV13397.1357	98.663	374	5	0	1	374	499	872	0.0	653
8a7375280adf8cd6889445a727753c68	FLASV1842.1458	98.663	374	5	0	1	374	499	872	0.0	653
8a7375280adf8cd6889445a727753c68	FLASV285.1458	98.663	374	5	0	1	374	499	872	0.0	653
8a7375280adf8cd6889445a727753c68	FLASV138.1458	98.663	374	5	0	1	374	499	872	0.0	653
b84ef0fd84cc6fd73c17bd6345ff63cd	FLASV50162.1357	100.000	374	0	0	1	374	499	872	0.0	675
b84ef0fd84cc6fd73c17bd6345ff63cd	FLASV42254.1357	100.000	374	0	0	1	374	499	872	0.0	675
b84ef0fd84cc6fd73c17bd6345ff63cd	FLASV31478.1357	100.000	374	0	0	1	374	499	872	0.0	675
b84ef0fd84cc6fd73c17bd6345ff63cd	FLASV16276.1357	100.000	374	0	0	1	374	499	872	0.0	675
b84ef0fd84cc6fd73c17bd6345ff63cd	FLASV6843.1458	100.000	374	0	0	1	374	499	872	0.0	675
b84ef0fd84cc6fd73c17bd6345ff63cd	FLASV2811.1458	100.000	374	0	0	1	374	499	872	0.0	675
b84ef0fd84cc6fd73c17bd6345ff63cd	FLASV77239.1359	99.733	374	1	0	1	374	501	874	0.0	671
b84ef0fd84cc6fd73c17bd6345ff63cd	FLASV73266.1357	99.733	374	1	0	1	374	499	872	0.0	671
b84ef0fd84cc6fd73c17bd6345ff63cd	FLASV55063.1359	99.733	374	1	0	1	374	501	874	0.0	671
b84ef0fd84cc6fd73c17bd6345ff63cd	FLASV53896.1359	99.733	374	1	0	1	374	501	874	0.0	671
b84ef0fd84cc6fd73c17bd6345ff63cd	FLASV39884.1359	99.733	374	1	0	1	374	501	874	0.0	671
b84ef0fd84cc6fd73c17bd6345ff63cd	FLASV33544.1359	99.733	374	1	0	1	374	501	874	0.0	671
b84ef0fd84cc6fd73c17bd6345ff63cd	FLASV23596.1357	99.733	374	1	0	1	374	499	872	0.0	671
b84ef0fd84cc6fd73c17bd6345ff63cd	FLASV13595.1359	99.733	374	1	0	1	374	501	874	0.0	671
b84ef0fd84cc6fd73c17bd6345ff63cd	FLASV5567.1460	99.733	374	1	0	1	374	501	874	0.0	671
b84ef0fd84cc6fd73c17bd6345ff63cd	FLASV4900.1458	99.733	374	1	0	1	374	499	872	0.0	671
b84ef0fd84cc6fd73c17bd6345ff63cd	FLASV3669.1460	99.733	374	1	0	1	374	501	874	0.0	671
b84ef0fd84cc6fd73c17bd6345ff63cd	FLASV2438.1460	99.733	374	1	0	1	374	501	874	0.0	671
b84ef0fd84cc6fd73c17bd6345ff63cd	FLASV1275.1458	99.733	374	1	0	1	374	499	872	0.0	671
b84ef0fd84cc6fd73c17bd6345ff63cd	FLASV1028.1460	99.733	374	1	0	1	374	501	874	0.0	671
b84ef0fd84cc6fd73c17bd6345ff63cd	FLASV235.1460	99.733	374	1	0	1	374	501	874	0.0	671
b84ef0fd84cc6fd73c17bd6345ff63cd	FLASV96.1460	99.733	374	1	0	1	374	501	874	0.0	671
b84ef0fd84cc6fd73c17bd6345ff63cd	FLASV89300.1359	99.465	374	2	0	1	374	501	874	0.0	666
b84ef0fd84cc6fd73c17bd6345ff63cd	FLASV85936.1357	99.465	374	2	0	1	374	499	872	0.0	666
b84ef0fd84cc6fd73c17bd6345ff63cd	FLASV82314.1359	99.465	374	2	0	1	374	501	874	0.0	666
b84ef0fd84cc6fd73c17bd6345ff63cd	FLASV39180.1357	99.465	374	2	0	1	374	499	872	0.0	666
b84ef0fd84cc6fd73c17bd6345ff63cd	FLASV19529.1357	99.465	374	2	0	1	374	499	872	0.0	666
b84ef0fd84cc6fd73c17bd6345ff63cd	FLASV13397.1357	99.465	374	2	0	1	374	499	872	0.0	666
b84ef0fd84cc6fd73c17bd6345ff63cd	FLASV1842.1458	99.465	374	2	0	1	374	499	872	0.0	666
b84ef0fd84cc6fd73c17bd6345ff63cd	FLASV285.1458	99.465	374	2	0	1	374	499	872	0.0	666
b84ef0fd84cc6fd73c17bd6345ff63cd	FLASV138.1458	99.465	374	2	0	1	374	499	872	0.0	666
b84ef0fd84cc6fd73c17bd6345ff63cd	FLASV10175.1357	99.198	374	3	0	1	374	499	872	0.0	662
b84ef0fd84cc6fd73c17bd6345ff63cd	FLASV2498.1458	99.198	374	3	0	1	374	499	872	0.0	662
9282af234e0afb0f0c7f5ae09c553058	FLASV85936.1357	99.465	374	2	0	1	374	499	872	0.0	666
9282af234e0afb0f0c7f5ae09c553058	FLASV82314.1359	99.465	374	2	0	1	374	501	874	0.0	666
9282af234e0afb0f0c7f5ae09c553058	FLASV50162.1357	99.465	374	2	0	1	374	499	872	0.0	666
9282af234e0afb0f0c7f5ae09c553058	FLASV42254.1357	99.465	374	2	0	1	374	499	872	0.0	666
9282af234e0afb0f0c7f5ae09c553058	FLASV39180.1357	99.465	374	2	0	1	374	499	872	0.0	666
9282af234e0afb0f0c7f5ae09c553058	FLASV31478.1357	99.465	374	2	0	1	374	499	872	0.0	666
9282af234e0afb0f0c7f5ae09c553058	FLASV19529.1357	99.465	374	2	0	1	374	499	872	0.0	666
9282af234e0afb0f0c7f5ae09c553058	FLASV16276.1357	99.465	374	2	0	1	374	499	872	0.0	666
9282af234e0afb0f0c7f5ae09c553058	FLASV13397.1357	99.465	374	2	0	1	374	499	872	0.0	666
9282af234e0afb0f0c7f5ae09c553058	FLASV6843.1458	99.465	374	2	0	1	374	499	872	0.0	666
9282af234e0afb0f0c7f5ae09c553058	FLASV2811.1458	99.465	374	2	0	1	374	499	872	0.0	666
9282af234e0afb0f0c7f5ae09c553058	FLASV1842.1458	99.465	374	2	0	1	374	499	872	0.0	666
9282af234e0afb0f0c7f5ae09c553058	FLASV285.1458	99.465	374	2	0	1	374	499	872	0.0	666
9282af234e0afb0f0c7f5ae09c553058	FLASV138.1458	99.465	374	2	0	1	374	499	872	0.0	666
9282af234e0afb0f0c7f5ae09c553058	FLASV77239.1359	99.198	374	3	0	1	374	501	874	0.0	662
9282af234e0afb0f0c7f5ae09c553058	FLASV73266.1357	99.198	374	3	0	1	374	499	872	0.0	662
9282af234e0afb0f0c7f5ae09c553058	FLASV55063.1359	99.198	374	3	0	1	374	501	874	0.0	662
9282af234e0afb0f0c7f5ae09c553058	FLASV53896.1359	99.198	374	3	0	1	374	501	874	0.0	662
9282af234e0afb0f0c7f5ae09c553058	FLASV39884.1359	99.198	374	3	0	1	374	501	874	0.0	662
9282af234e0afb0f0c7f5ae09c553058	FLASV33544.1359	99.198	374	3	0	1	374	501	874	0.0	662
9282af234e0afb0f0c7f5ae09c553058	FLASV23596.1357	99.198	374	3	0	1	374	499	872	0.0	662
9282af234e0afb0f0c7f5ae09c553058	FLASV13595.1359	99.198	374	3	0	1	374	501	874	0.0	662
9282af234e0afb0f0c7f5ae09c553058	FLASV10175.1357	99.198	374	3	0	1	374	499	872	0.0	662
9282af234e0afb0f0c7f5ae09c553058	FLASV5567.1460	99.198	374	3	0	1	374	501	874	0.0	662
9282af234e0afb0f0c7f5ae09c553058	FLASV4900.1458	99.198	374	3	0	1	374	499	872	0.0	662
9282af234e0afb0f0c7f5ae09c553058	FLASV3669.1460	99.198	374	3	0	1	374	501	874	0.0	662
9282af234e0afb0f0c7f5ae09c553058	FLASV2498.1458	99.198	374	3	0	1	374	499	872	0.0	662
9282af234e0afb0f0c7f5ae09c553058	FLASV2438.1460	99.198	374	3	0	1	374	501	874	0.0	662
9282af234e0afb0f0c7f5ae09c553058	FLASV1275.1458	99.198	374	3	0	1	374	499	872	0.0	662
9282af234e0afb0f0c7f5ae09c553058	FLASV1028.1460	99.198	374	3	0	1	374	501	874	0.0	662
9282af234e0afb0f0c7f5ae09c553058	FLASV235.1460	99.198	374	3	0	1	374	501	874	0.0	662
9282af234e0afb0f0c7f5ae09c553058	FLASV96.1460	99.198	374	3	0	1	374	501	874	0.0	662
9282af234e0afb0f0c7f5ae09c553058	FLASV89300.1359	98.930	374	4	0	1	374	501	874	0.0	657
b77657f1a0921612f77bd5f42d66e29a	FLASV85936.1357	99.198	374	3	0	1	374	499	872	0.0	662
b77657f1a0921612f77bd5f42d66e29a	FLASV82314.1359	99.198	374	3	0	1	374	501	874	0.0	662
b77657f1a0921612f77bd5f42d66e29a	FLASV50162.1357	99.198	374	3	0	1	374	499	872	0.0	662
b77657f1a0921612f77bd5f42d66e29a	FLASV42254.1357	99.198	374	3	0	1	374	499	872	0.0	662
b77657f1a0921612f77bd5f42d66e29a	FLASV39180.1357	99.198	374	3	0	1	374	499	872	0.0	662
b77657f1a0921612f77bd5f42d66e29a	FLASV31478.1357	99.198	374	3	0	1	374	499	872	0.0	662
b77657f1a0921612f77bd5f42d66e29a	FLASV19529.1357	99.198	374	3	0	1	374	499	872	0.0	662
b77657f1a0921612f77bd5f42d66e29a	FLASV16276.1357	99.198	374	3	0	1	374	499	872	0.0	662
b77657f1a0921612f77bd5f42d66e29a	FLASV13397.1357	99.198	374	3	0	1	374	499	872	0.0	662
b77657f1a0921612f77bd5f42d66e29a	FLASV6843.1458	99.198	374	3	0	1	374	499	872	0.0	662
b77657f1a0921612f77bd5f42d66e29a	FLASV2811.1458	99.198	374	3	0	1	374	499	872	0.0	662
b77657f1a0921612f77bd5f42d66e29a	FLASV1842.1458	99.198	374	3	0	1	374	499	872	0.0	662
b77657f1a0921612f77bd5f42d66e29a	FLASV285.1458	99.198	374	3	0	1	374	499	872	0.0	662
b77657f1a0921612f77bd5f42d66e29a	FLASV138.1458	99.198	374	3	0	1	374	499	872	0.0	662
b77657f1a0921612f77bd5f42d66e29a	FLASV77239.1359	98.930	374	4	0	1	374	501	874	0.0	657
b77657f1a0921612f77bd5f42d66e29a	FLASV73266.1357	98.930	374	4	0	1	374	499	872	0.0	657
b77657f1a0921612f77bd5f42d66e29a	FLASV55063.1359	98.930	374	4	0	1	374	501	874	0.0	657
b77657f1a0921612f77bd5f42d66e29a	FLASV53896.1359	98.930	374	4	0	1	374	501	874	0.0	657
b77657f1a0921612f77bd5f42d66e29a	FLASV39884.1359	98.930	374	4	0	1	374	501	874	0.0	657
b77657f1a0921612f77bd5f42d66e29a	FLASV33544.1359	98.930	374	4	0	1	374	501	874	0.0	657
b77657f1a0921612f77bd5f42d66e29a	FLASV23596.1357	98.930	374	4	0	1	374	499	872	0.0	657
b77657f1a0921612f77bd5f42d66e29a	FLASV13595.1359	98.930	374	4	0	1	374	501	874	0.0	657
b77657f1a0921612f77bd5f42d66e29a	FLASV10175.1357	98.930	374	4	0	1	374	499	872	0.0	657
b77657f1a0921612f77bd5f42d66e29a	FLASV5567.1460	98.930	374	4	0	1	374	501	874	0.0	657
b77657f1a0921612f77bd5f42d66e29a	FLASV4900.1458	98.930	374	4	0	1	374	499	872	0.0	657
b77657f1a0921612f77bd5f42d66e29a	FLASV3669.1460	98.930	374	4	0	1	374	501	874	0.0	657
b77657f1a0921612f77bd5f42d66e29a	FLASV2498.1458	98.930	374	4	0	1	374	499	872	0.0	657
b77657f1a0921612f77bd5f42d66e29a	FLASV2438.1460	98.930	374	4	0	1	374	501	874	0.0	657
b77657f1a0921612f77bd5f42d66e29a	FLASV1275.1458	98.930	374	4	0	1	374	499	872	0.0	657
b77657f1a0921612f77bd5f42d66e29a	FLASV1028.1460	98.930	374	4	0	1	374	501	874	0.0	657
b77657f1a0921612f77bd5f42d66e29a	FLASV235.1460	98.930	374	4	0	1	374	501	874	0.0	657
b77657f1a0921612f77bd5f42d66e29a	FLASV96.1460	98.930	374	4	0	1	374	501	874	0.0	657
b77657f1a0921612f77bd5f42d66e29a	FLASV89300.1359	98.663	374	5	0	1	374	501	874	0.0	653
a843a8bc1896ede83de1d8fd120cb857	FLASV85936.1357	98.930	374	4	0	1	374	499	872	0.0	657
a843a8bc1896ede83de1d8fd120cb857	FLASV82314.1359	98.930	374	4	0	1	374	501	874	0.0	657
a843a8bc1896ede83de1d8fd120cb857	FLASV50162.1357	98.930	374	4	0	1	374	499	872	0.0	657
a843a8bc1896ede83de1d8fd120cb857	FLASV42254.1357	98.930	374	4	0	1	374	499	872	0.0	657
a843a8bc1896ede83de1d8fd120cb857	FLASV39180.1357	98.930	374	4	0	1	374	499	872	0.0	657
a843a8bc1896ede83de1d8fd120cb857	FLASV31478.1357	98.930	374	4	0	1	374	499	872	0.0	657
a843a8bc1896ede83de1d8fd120cb857	FLASV19529.1357	98.930	374	4	0	1	374	499	872	0.0	657
a843a8bc1896ede83de1d8fd120cb857	FLASV16276.1357	98.930	374	4	0	1	374	499	872	0.0	657
a843a8bc1896ede83de1d8fd120cb857	FLASV13397.1357	98.930	374	4	0	1	374	499	872	0.0	657
a843a8bc1896ede83de1d8fd120cb857	FLASV6843.1458	98.930	374	4	0	1	374	499	872	0.0	657
a843a8bc1896ede83de1d8fd120cb857	FLASV2811.1458	98.930	374	4	0	1	374	499	872	0.0	657
a843a8bc1896ede83de1d8fd120cb857	FLASV1842.1458	98.930	374	4	0	1	374	499	872	0.0	657
a843a8bc1896ede83de1d8fd120cb857	FLASV285.1458	98.930	374	4	0	1	374	499	872	0.0	657
a843a8bc1896ede83de1d8fd120cb857	FLASV138.1458	98.930	374	4	0	1	374	499	872	0.0	657
a843a8bc1896ede83de1d8fd120cb857	FLASV77239.1359	98.663	374	5	0	1	374	501	874	0.0	653
a843a8bc1896ede83de1d8fd120cb857	FLASV73266.1357	98.663	374	5	0	1	374	499	872	0.0	653
a843a8bc1896ede83de1d8fd120cb857	FLASV55063.1359	98.663	374	5	0	1	374	501	874	0.0	653
a843a8bc1896ede83de1d8fd120cb857	FLASV53896.1359	98.663	374	5	0	1	374	501	874	0.0	653
a843a8bc1896ede83de1d8fd120cb857	FLASV39884.1359	98.663	374	5	0	1	374	501	874	0.0	653
a843a8bc1896ede83de1d8fd120cb857	FLASV33544.1359	98.663	374	5	0	1	374	501	874	0.0	653
a843a8bc1896ede83de1d8fd120cb857	FLASV23596.1357	98.663	374	5	0	1	374	499	872	0.0	653
a843a8bc1896ede83de1d8fd120cb857	FLASV13595.1359	98.663	374	5	0	1	374	501	874	0.0	653
a843a8bc1896ede83de1d8fd120cb857	FLASV10175.1357	98.663	374	5	0	1	374	499	872	0.0	653
a843a8bc1896ede83de1d8fd120cb857	FLASV5567.1460	98.663	374	5	0	1	374	501	874	0.0	653
a843a8bc1896ede83de1d8fd120cb857	FLASV4900.1458	98.663	374	5	0	1	374	499	872	0.0	653
a843a8bc1896ede83de1d8fd120cb857	FLASV3669.1460	98.663	374	5	0	1	374	501	874	0.0	653
a843a8bc1896ede83de1d8fd120cb857	FLASV2498.1458	98.663	374	5	0	1	374	499	872	0.0	653
a843a8bc1896ede83de1d8fd120cb857	FLASV2438.1460	98.663	374	5	0	1	374	501	874	0.0	653
a843a8bc1896ede83de1d8fd120cb857	FLASV1275.1458	98.663	374	5	0	1	374	499	872	0.0	653
a843a8bc1896ede83de1d8fd120cb857	FLASV1028.1460	98.663	374	5	0	1	374	501	874	0.0	653
a843a8bc1896ede83de1d8fd120cb857	FLASV235.1460	98.663	374	5	0	1	374	501	874	0.0	653
a843a8bc1896ede83de1d8fd120cb857	FLASV96.1460	98.663	374	5	0	1	374	501	874	0.0	653
a843a8bc1896ede83de1d8fd120cb857	FLASV89300.1359	98.396	374	6	0	1	374	501	874	0.0	648
ba9bb635f646180f75e8ff876ac6c6e9	FLASV85936.1357	98.930	374	4	0	1	374	499	872	0.0	657
ba9bb635f646180f75e8ff876ac6c6e9	FLASV82314.1359	98.930	374	4	0	1	374	501	874	0.0	657
ba9bb635f646180f75e8ff876ac6c6e9	FLASV50162.1357	98.930	374	4	0	1	374	499	872	0.0	657
ba9bb635f646180f75e8ff876ac6c6e9	FLASV42254.1357	98.930	374	4	0	1	374	499	872	0.0	657
ba9bb635f646180f75e8ff876ac6c6e9	FLASV39180.1357	98.930	374	4	0	1	374	499	872	0.0	657
ba9bb635f646180f75e8ff876ac6c6e9	FLASV31478.1357	98.930	374	4	0	1	374	499	872	0.0	657
ba9bb635f646180f75e8ff876ac6c6e9	FLASV19529.1357	98.930	374	4	0	1	374	499	872	0.0	657
ba9bb635f646180f75e8ff876ac6c6e9	FLASV16276.1357	98.930	374	4	0	1	374	499	872	0.0	657
ba9bb635f646180f75e8ff876ac6c6e9	FLASV13397.1357	98.930	374	4	0	1	374	499	872	0.0	657
ba9bb635f646180f75e8ff876ac6c6e9	FLASV6843.1458	98.930	374	4	0	1	374	499	872	0.0	657
ba9bb635f646180f75e8ff876ac6c6e9	FLASV2811.1458	98.930	374	4	0	1	374	499	872	0.0	657
ba9bb635f646180f75e8ff876ac6c6e9	FLASV1842.1458	98.930	374	4	0	1	374	499	872	0.0	657
ba9bb635f646180f75e8ff876ac6c6e9	FLASV285.1458	98.930	374	4	0	1	374	499	872	0.0	657
ba9bb635f646180f75e8ff876ac6c6e9	FLASV138.1458	98.930	374	4	0	1	374	499	872	0.0	657
ba9bb635f646180f75e8ff876ac6c6e9	FLASV77239.1359	98.663	374	5	0	1	374	501	874	0.0	653
ba9bb635f646180f75e8ff876ac6c6e9	FLASV73266.1357	98.663	374	5	0	1	374	499	872	0.0	653
ba9bb635f646180f75e8ff876ac6c6e9	FLASV55063.1359	98.663	374	5	0	1	374	501	874	0.0	653
ba9bb635f646180f75e8ff876ac6c6e9	FLASV53896.1359	98.663	374	5	0	1	374	501	874	0.0	653
ba9bb635f646180f75e8ff876ac6c6e9	FLASV39884.1359	98.663	374	5	0	1	374	501	874	0.0	653
ba9bb635f646180f75e8ff876ac6c6e9	FLASV33544.1359	98.663	374	5	0	1	374	501	874	0.0	653
ba9bb635f646180f75e8ff876ac6c6e9	FLASV23596.1357	98.663	374	5	0	1	374	499	872	0.0	653
ba9bb635f646180f75e8ff876ac6c6e9	FLASV13595.1359	98.663	374	5	0	1	374	501	874	0.0	653
ba9bb635f646180f75e8ff876ac6c6e9	FLASV10175.1357	98.663	374	5	0	1	374	499	872	0.0	653
ba9bb635f646180f75e8ff876ac6c6e9	FLASV5567.1460	98.663	374	5	0	1	374	501	874	0.0	653
ba9bb635f646180f75e8ff876ac6c6e9	FLASV4900.1458	98.663	374	5	0	1	374	499	872	0.0	653
ba9bb635f646180f75e8ff876ac6c6e9	FLASV3669.1460	98.663	374	5	0	1	374	501	874	0.0	653
ba9bb635f646180f75e8ff876ac6c6e9	FLASV2498.1458	98.663	374	5	0	1	374	499	872	0.0	653
ba9bb635f646180f75e8ff876ac6c6e9	FLASV2438.1460	98.663	374	5	0	1	374	501	874	0.0	653
ba9bb635f646180f75e8ff876ac6c6e9	FLASV1275.1458	98.663	374	5	0	1	374	499	872	0.0	653
ba9bb635f646180f75e8ff876ac6c6e9	FLASV1028.1460	98.663	374	5	0	1	374	501	874	0.0	653
ba9bb635f646180f75e8ff876ac6c6e9	FLASV235.1460	98.663	374	5	0	1	374	501	874	0.0	653
ba9bb635f646180f75e8ff876ac6c6e9	FLASV96.1460	98.663	374	5	0	1	374	501	874	0.0	653
ba9bb635f646180f75e8ff876ac6c6e9	FLASV89300.1359	98.396	374	6	0	1	374	501	874	0.0	648
2feeff5df84be3663d48db014a1c9ac8	FLASV10175.1357	98.396	374	6	0	1	374	499	872	0.0	648
2feeff5df84be3663d48db014a1c9ac8	FLASV2498.1458	98.396	374	6	0	1	374	499	872	0.0	648
2feeff5df84be3663d48db014a1c9ac8	FLASV85936.1357	98.128	374	7	0	1	374	499	872	0.0	644
2feeff5df84be3663d48db014a1c9ac8	FLASV82314.1359	98.128	374	7	0	1	374	501	874	0.0	644
2feeff5df84be3663d48db014a1c9ac8	FLASV50162.1357	98.128	374	7	0	1	374	499	872	0.0	644
2feeff5df84be3663d48db014a1c9ac8	FLASV42254.1357	98.128	374	7	0	1	374	499	872	0.0	644
2feeff5df84be3663d48db014a1c9ac8	FLASV39180.1357	98.128	374	7	0	1	374	499	872	0.0	644
2feeff5df84be3663d48db014a1c9ac8	FLASV31478.1357	98.128	374	7	0	1	374	499	872	0.0	644
2feeff5df84be3663d48db014a1c9ac8	FLASV19529.1357	98.128	374	7	0	1	374	499	872	0.0	644
2feeff5df84be3663d48db014a1c9ac8	FLASV16276.1357	98.128	374	7	0	1	374	499	872	0.0	644
2feeff5df84be3663d48db014a1c9ac8	FLASV13397.1357	98.128	374	7	0	1	374	499	872	0.0	644
2feeff5df84be3663d48db014a1c9ac8	FLASV6843.1458	98.128	374	7	0	1	374	499	872	0.0	644
2feeff5df84be3663d48db014a1c9ac8	FLASV2811.1458	98.128	374	7	0	1	374	499	872	0.0	644
2feeff5df84be3663d48db014a1c9ac8	FLASV1842.1458	98.128	374	7	0	1	374	499	872	0.0	644
2feeff5df84be3663d48db014a1c9ac8	FLASV285.1458	98.128	374	7	0	1	374	499	872	0.0	644
2feeff5df84be3663d48db014a1c9ac8	FLASV138.1458	98.128	374	7	0	1	374	499	872	0.0	644
2feeff5df84be3663d48db014a1c9ac8	FLASV77239.1359	97.861	374	8	0	1	374	501	874	0.0	639
2feeff5df84be3663d48db014a1c9ac8	FLASV73266.1357	97.861	374	8	0	1	374	499	872	0.0	639
2feeff5df84be3663d48db014a1c9ac8	FLASV55063.1359	97.861	374	8	0	1	374	501	874	0.0	639
2feeff5df84be3663d48db014a1c9ac8	FLASV53896.1359	97.861	374	8	0	1	374	501	874	0.0	639
2feeff5df84be3663d48db014a1c9ac8	FLASV39884.1359	97.861	374	8	0	1	374	501	874	0.0	639
2feeff5df84be3663d48db014a1c9ac8	FLASV33544.1359	97.861	374	8	0	1	374	501	874	0.0	639
2feeff5df84be3663d48db014a1c9ac8	FLASV23596.1357	97.861	374	8	0	1	374	499	872	0.0	639
2feeff5df84be3663d48db014a1c9ac8	FLASV13595.1359	97.861	374	8	0	1	374	501	874	0.0	639
2feeff5df84be3663d48db014a1c9ac8	FLASV5567.1460	97.861	374	8	0	1	374	501	874	0.0	639
2feeff5df84be3663d48db014a1c9ac8	FLASV4900.1458	97.861	374	8	0	1	374	499	872	0.0	639
2feeff5df84be3663d48db014a1c9ac8	FLASV3669.1460	97.861	374	8	0	1	374	501	874	0.0	639
2feeff5df84be3663d48db014a1c9ac8	FLASV2438.1460	97.861	374	8	0	1	374	501	874	0.0	639
2feeff5df84be3663d48db014a1c9ac8	FLASV1275.1458	97.861	374	8	0	1	374	499	872	0.0	639
2feeff5df84be3663d48db014a1c9ac8	FLASV1028.1460	97.861	374	8	0	1	374	501	874	0.0	639
2feeff5df84be3663d48db014a1c9ac8	FLASV235.1460	97.861	374	8	0	1	374	501	874	0.0	639
2feeff5df84be3663d48db014a1c9ac8	FLASV96.1460	97.861	374	8	0	1	374	501	874	0.0	639
2feeff5df84be3663d48db014a1c9ac8	FLASV89300.1359	97.594	374	9	0	1	374	501	874	0.0	635
81ea3122058b5d513b765d6a10f4c38c	FLASV10175.1357	98.128	374	7	0	1	374	499	872	0.0	644
81ea3122058b5d513b765d6a10f4c38c	FLASV2498.1458	98.128	374	7	0	1	374	499	872	0.0	644
81ea3122058b5d513b765d6a10f4c38c	FLASV85936.1357	97.861	374	8	0	1	374	499	872	0.0	639
81ea3122058b5d513b765d6a10f4c38c	FLASV82314.1359	97.861	374	8	0	1	374	501	874	0.0	639
81ea3122058b5d513b765d6a10f4c38c	FLASV50162.1357	97.861	374	8	0	1	374	499	872	0.0	639
81ea3122058b5d513b765d6a10f4c38c	FLASV42254.1357	97.861	374	8	0	1	374	499	872	0.0	639
81ea3122058b5d513b765d6a10f4c38c	FLASV39180.1357	97.861	374	8	0	1	374	499	872	0.0	639
81ea3122058b5d513b765d6a10f4c38c	FLASV31478.1357	97.861	374	8	0	1	374	499	872	0.0	639
81ea3122058b5d513b765d6a10f4c38c	FLASV19529.1357	97.861	374	8	0	1	374	499	872	0.0	639
81ea3122058b5d513b765d6a10f4c38c	FLASV16276.1357	97.861	374	8	0	1	374	499	872	0.0	639
81ea3122058b5d513b765d6a10f4c38c	FLASV13397.1357	97.861	374	8	0	1	374	499	872	0.0	639
81ea3122058b5d513b765d6a10f4c38c	FLASV6843.1458	97.861	374	8	0	1	374	499	872	0.0	639
81ea3122058b5d513b765d6a10f4c38c	FLASV2811.1458	97.861	374	8	0	1	374	499	872	0.0	639
81ea3122058b5d513b765d6a10f4c38c	FLASV1842.1458	97.861	374	8	0	1	374	499	872	0.0	639
81ea3122058b5d513b765d6a10f4c38c	FLASV285.1458	97.861	374	8	0	1	374	499	872	0.0	639
81ea3122058b5d513b765d6a10f4c38c	FLASV138.1458	97.861	374	8	0	1	374	499	872	0.0	639
81ea3122058b5d513b765d6a10f4c38c	FLASV77239.1359	97.594	374	9	0	1	374	501	874	0.0	635
81ea3122058b5d513b765d6a10f4c38c	FLASV73266.1357	97.594	374	9	0	1	374	499	872	0.0	635
81ea3122058b5d513b765d6a10f4c38c	FLASV55063.1359	97.594	374	9	0	1	374	501	874	0.0	635
81ea3122058b5d513b765d6a10f4c38c	FLASV53896.1359	97.594	374	9	0	1	374	501	874	0.0	635
81ea3122058b5d513b765d6a10f4c38c	FLASV39884.1359	97.594	374	9	0	1	374	501	874	0.0	635
81ea3122058b5d513b765d6a10f4c38c	FLASV33544.1359	97.594	374	9	0	1	374	501	874	0.0	635
81ea3122058b5d513b765d6a10f4c38c	FLASV23596.1357	97.594	374	9	0	1	374	499	872	0.0	635
81ea3122058b5d513b765d6a10f4c38c	FLASV13595.1359	97.594	374	9	0	1	374	501	874	0.0	635
81ea3122058b5d513b765d6a10f4c38c	FLASV5567.1460	97.594	374	9	0	1	374	501	874	0.0	635
81ea3122058b5d513b765d6a10f4c38c	FLASV4900.1458	97.594	374	9	0	1	374	499	872	0.0	635
81ea3122058b5d513b765d6a10f4c38c	FLASV3669.1460	97.594	374	9	0	1	374	501	874	0.0	635
81ea3122058b5d513b765d6a10f4c38c	FLASV2438.1460	97.594	374	9	0	1	374	501	874	0.0	635
81ea3122058b5d513b765d6a10f4c38c	FLASV1275.1458	97.594	374	9	0	1	374	499	872	0.0	635
81ea3122058b5d513b765d6a10f4c38c	FLASV1028.1460	97.594	374	9	0	1	374	501	874	0.0	635
81ea3122058b5d513b765d6a10f4c38c	FLASV235.1460	97.594	374	9	0	1	374	501	874	0.0	635
81ea3122058b5d513b765d6a10f4c38c	FLASV96.1460	97.594	374	9	0	1	374	501	874	0.0	635
81ea3122058b5d513b765d6a10f4c38c	FLASV89300.1359	97.326	374	10	0	1	374	501	874	0.0	630
0528c8d6cf081ba719cf96cb550150fb	FLASV10175.1357	97.594	374	9	0	1	374	499	872	0.0	635
0528c8d6cf081ba719cf96cb550150fb	FLASV2498.1458	97.594	374	9	0	1	374	499	872	0.0	635
0528c8d6cf081ba719cf96cb550150fb	FLASV85936.1357	97.326	374	10	0	1	374	499	872	0.0	630
0528c8d6cf081ba719cf96cb550150fb	FLASV82314.1359	97.326	374	10	0	1	374	501	874	0.0	630
0528c8d6cf081ba719cf96cb550150fb	FLASV50162.1357	97.326	374	10	0	1	374	499	872	0.0	630
0528c8d6cf081ba719cf96cb550150fb	FLASV42254.1357	97.326	374	10	0	1	374	499	872	0.0	630
0528c8d6cf081ba719cf96cb550150fb	FLASV39180.1357	97.326	374	10	0	1	374	499	872	0.0	630
0528c8d6cf081ba719cf96cb550150fb	FLASV31478.1357	97.326	374	10	0	1	374	499	872	0.0	630
0528c8d6cf081ba719cf96cb550150fb	FLASV19529.1357	97.326	374	10	0	1	374	499	872	0.0	630
0528c8d6cf081ba719cf96cb550150fb	FLASV16276.1357	97.326	374	10	0	1	374	499	872	0.0	630
0528c8d6cf081ba719cf96cb550150fb	FLASV13397.1357	97.326	374	10	0	1	374	499	872	0.0	630
0528c8d6cf081ba719cf96cb550150fb	FLASV6843.1458	97.326	374	10	0	1	374	499	872	0.0	630
0528c8d6cf081ba719cf96cb550150fb	FLASV2811.1458	97.326	374	10	0	1	374	499	872	0.0	630
0528c8d6cf081ba719cf96cb550150fb	FLASV1842.1458	97.326	374	10	0	1	374	499	872	0.0	630
0528c8d6cf081ba719cf96cb550150fb	FLASV285.1458	97.326	374	10	0	1	374	499	872	0.0	630
0528c8d6cf081ba719cf96cb550150fb	FLASV138.1458	97.326	374	10	0	1	374	499	872	0.0	630
0528c8d6cf081ba719cf96cb550150fb	FLASV77239.1359	97.059	374	11	0	1	374	501	874	0.0	626
0528c8d6cf081ba719cf96cb550150fb	FLASV73266.1357	97.059	374	11	0	1	374	499	872	0.0	626
0528c8d6cf081ba719cf96cb550150fb	FLASV55063.1359	97.059	374	11	0	1	374	501	874	0.0	626
0528c8d6cf081ba719cf96cb550150fb	FLASV53896.1359	97.059	374	11	0	1	374	501	874	0.0	626
0528c8d6cf081ba719cf96cb550150fb	FLASV39884.1359	97.059	374	11	0	1	374	501	874	0.0	626
0528c8d6cf081ba719cf96cb550150fb	FLASV33544.1359	97.059	374	11	0	1	374	501	874	0.0	626
0528c8d6cf081ba719cf96cb550150fb	FLASV23596.1357	97.059	374	11	0	1	374	499	872	0.0	626
0528c8d6cf081ba719cf96cb550150fb	FLASV13595.1359	97.059	374	11	0	1	374	501	874	0.0	626
0528c8d6cf081ba719cf96cb550150fb	FLASV5567.1460	97.059	374	11	0	1	374	501	874	0.0	626
0528c8d6cf081ba719cf96cb550150fb	FLASV4900.1458	97.059	374	11	0	1	374	499	872	0.0	626
0528c8d6cf081ba719cf96cb550150fb	FLASV3669.1460	97.059	374	11	0	1	374	501	874	0.0	626
0528c8d6cf081ba719cf96cb550150fb	FLASV2438.1460	97.059	374	11	0	1	374	501	874	0.0	626
0528c8d6cf081ba719cf96cb550150fb	FLASV1275.1458	97.059	374	11	0	1	374	499	872	0.0	626
0528c8d6cf081ba719cf96cb550150fb	FLASV1028.1460	97.059	374	11	0	1	374	501	874	0.0	626
0528c8d6cf081ba719cf96cb550150fb	FLASV235.1460	97.059	374	11	0	1	374	501	874	0.0	626
0528c8d6cf081ba719cf96cb550150fb	FLASV96.1460	97.059	374	11	0	1	374	501	874	0.0	626
0528c8d6cf081ba719cf96cb550150fb	FLASV89300.1359	96.791	374	12	0	1	374	501	874	1.19e-180	621
694417dc9aa73f1b948e7270a4d7a9d4	FLASV85936.1357	97.594	374	9	0	1	374	499	872	0.0	635
694417dc9aa73f1b948e7270a4d7a9d4	FLASV82314.1359	97.594	374	9	0	1	374	501	874	0.0	635
694417dc9aa73f1b948e7270a4d7a9d4	FLASV39180.1357	97.594	374	9	0	1	374	499	872	0.0	635
694417dc9aa73f1b948e7270a4d7a9d4	FLASV19529.1357	97.594	374	9	0	1	374	499	872	0.0	635
694417dc9aa73f1b948e7270a4d7a9d4	FLASV13397.1357	97.594	374	9	0	1	374	499	872	0.0	635
694417dc9aa73f1b948e7270a4d7a9d4	FLASV1842.1458	97.594	374	9	0	1	374	499	872	0.0	635
694417dc9aa73f1b948e7270a4d7a9d4	FLASV285.1458	97.594	374	9	0	1	374	499	872	0.0	635
694417dc9aa73f1b948e7270a4d7a9d4	FLASV138.1458	97.594	374	9	0	1	374	499	872	0.0	635
694417dc9aa73f1b948e7270a4d7a9d4	FLASV77239.1359	97.326	374	10	0	1	374	501	874	0.0	630
694417dc9aa73f1b948e7270a4d7a9d4	FLASV73266.1357	97.326	374	10	0	1	374	499	872	0.0	630
694417dc9aa73f1b948e7270a4d7a9d4	FLASV55063.1359	97.326	374	10	0	1	374	501	874	0.0	630
694417dc9aa73f1b948e7270a4d7a9d4	FLASV53896.1359	97.326	374	10	0	1	374	501	874	0.0	630
694417dc9aa73f1b948e7270a4d7a9d4	FLASV39884.1359	97.326	374	10	0	1	374	501	874	0.0	630
694417dc9aa73f1b948e7270a4d7a9d4	FLASV33544.1359	97.326	374	10	0	1	374	501	874	0.0	630
694417dc9aa73f1b948e7270a4d7a9d4	FLASV23596.1357	97.326	374	10	0	1	374	499	872	0.0	630
694417dc9aa73f1b948e7270a4d7a9d4	FLASV13595.1359	97.326	374	10	0	1	374	501	874	0.0	630
694417dc9aa73f1b948e7270a4d7a9d4	FLASV10175.1357	97.326	374	10	0	1	374	499	872	0.0	630
694417dc9aa73f1b948e7270a4d7a9d4	FLASV5567.1460	97.326	374	10	0	1	374	501	874	0.0	630
694417dc9aa73f1b948e7270a4d7a9d4	FLASV4900.1458	97.326	374	10	0	1	374	499	872	0.0	630
694417dc9aa73f1b948e7270a4d7a9d4	FLASV3669.1460	97.326	374	10	0	1	374	501	874	0.0	630
694417dc9aa73f1b948e7270a4d7a9d4	FLASV2498.1458	97.326	374	10	0	1	374	499	872	0.0	630
694417dc9aa73f1b948e7270a4d7a9d4	FLASV2438.1460	97.326	374	10	0	1	374	501	874	0.0	630
694417dc9aa73f1b948e7270a4d7a9d4	FLASV1275.1458	97.326	374	10	0	1	374	499	872	0.0	630
694417dc9aa73f1b948e7270a4d7a9d4	FLASV1028.1460	97.326	374	10	0	1	374	501	874	0.0	630
694417dc9aa73f1b948e7270a4d7a9d4	FLASV235.1460	97.326	374	10	0	1	374	501	874	0.0	630
694417dc9aa73f1b948e7270a4d7a9d4	FLASV96.1460	97.326	374	10	0	1	374	501	874	0.0	630
694417dc9aa73f1b948e7270a4d7a9d4	FLASV89300.1359	97.059	374	11	0	1	374	501	874	0.0	626
694417dc9aa73f1b948e7270a4d7a9d4	FLASV50162.1357	97.059	374	11	0	1	374	499	872	0.0	626
694417dc9aa73f1b948e7270a4d7a9d4	FLASV42254.1357	97.059	374	11	0	1	374	499	872	0.0	626
694417dc9aa73f1b948e7270a4d7a9d4	FLASV31478.1357	97.059	374	11	0	1	374	499	872	0.0	626
694417dc9aa73f1b948e7270a4d7a9d4	FLASV16276.1357	97.059	374	11	0	1	374	499	872	0.0	626
694417dc9aa73f1b948e7270a4d7a9d4	FLASV6843.1458	97.059	374	11	0	1	374	499	872	0.0	626
694417dc9aa73f1b948e7270a4d7a9d4	FLASV2811.1458	97.059	374	11	0	1	374	499	872	0.0	626
